,game_pk,play_id,opponent_name,gd,ab_num,event,bat_team_id,fld_team_id,ev,la,dist,pull,brl,xban,xbad,hh,bip,v,pt,pn,ab,hit,is_1b,is_2b,is_3b,is_hr,so,bb,video,eventPretty,player_name,player_id,primaryPosition.code
0,566066,84a4415c-b3af-4cdd-a3a3-a3e92aa0f42c,"Diaz, Isan",2019-09-25,74,strikeout,146,121,,,,,,,1,0,0,83.8,CH,Changeup,1,0,0,0,0,0,1,0,"<a href=""/sporty-videos?playId=84a4415c-b3af-4cdd-a3a3-a3e92aa0f42c"" target=""_blank""><img src=""/site-core/images/video.png"" class=""video"" /></a>",Strikeout,Drew Gagnon,543193,1
1,566066,3babcc5e-c7d0-4645-8129-b68c010ee5bf,"Alfaro, Jorge",2019-09-25,73,home_run,146,121,103.1,29,417,Pull,1,0.893,1,1,1,91.6,FF,4-Seam Fastball,1,1,0,0,0,1,0,0,"<a href=""/sporty-videos?playId=3babcc5e-c7d0-4645-8129-b68c010ee5bf"" target=""_blank""><img src=""/site-core/images/video.png"" class=""video"" /></a>",Home Run,Drew Gagnon,543193,1
2,566066,c0c3e2ed-3985-4e53-bac5-cadb78943c29,"Ramirez, Harold",2019-09-25,72,field_out,146,121,94.9,41,325,Pull,0,0.027,1,0,1,82.4,CH,Changeup,1,0,0,0,0,0,0,0,"<a href=""/sporty-videos?playId=c0c3e2ed-3985-4e53-bac5-cadb78943c29"" target=""_blank""><img src=""/site-core/images/video.png"" class=""video"" /></a>",Field Out,Drew Gagnon,543193,1
3,566066,fd32b635-95e1-479d-87ee-1b947f9f6301,"Walker, Neil",2019-09-25,71,single,146,121,91.5,17,278,Straightaway,0,0.727,1,0,1,82.7,CH,Changeup,1,1,1,0,0,0,0,0,"<a href=""/sporty-videos?playId=fd32b635-95e1-479d-87ee-1b947f9f6301"" target=""_blank""><img src=""/site-core/images/video.png"" class=""video"" /></a>",Single,Drew Gagnon,543193,1
4,566066,3aa214eb-6213-44bf-a171-97ec49b179cf,"Rojas, Miguel",2019-09-25,70,field_out,146,121,82.9,-21,,Straightaway,0,0.069,1,0,1,82.3,CH,Changeup,1,0,0,0,0,0,0,0,"<a href=""/sporty-videos?playId=3aa214eb-6213-44bf-a171-97ec49b179cf"" target=""_blank""><img src=""/site-core/images/video.png"" class=""video"" /></a>",Field Out,Drew Gagnon,543193,1
5,566066,4a374796-2067-42be-aea9-35b301791206,"Berti, Jon",2019-09-25,69,field_error,146,121,85.6,-8,14,Pull,0,0.159,1,0,1,92.1,FF,4-Seam Fastball,1,0,0,0,0,0,0,0,"<a href=""/sporty-videos?playId=4a374796-2067-42be-aea9-35b301791206"" target=""_blank""><img src=""/site-core/images/video.png"" class=""video"" /></a>",Field Error,Drew Gagnon,543193,1
6,567226,81db0c3a-e33f-482b-8f7d-580521539e21,"Donaldson, Josh",2019-08-15,91,home_run,144,121,106.2,21,401,Straightaway,1,0.927,1,1,1,92.2,FF,4-Seam Fastball,1,1,0,0,0,1,0,0,"<a href=""/sporty-videos?playId=81db0c3a-e33f-482b-8f7d-580521539e21"" target=""_blank""><img src=""/site-core/images/video.png"" class=""video"" /></a>",Home Run,Drew Gagnon,543193,1
7,567226,1848c24d-71f0-4a76-9cd8-8e4d946fc16d,"Freeman, Freddie",2019-08-15,90,home_run,144,121,104.8,24,401,Opposite,1,0.94,1,1,1,78.7,CU,Curveball,1,1,0,0,0,1,0,0,"<a href=""/sporty-videos?playId=1848c24d-71f0-4a76-9cd8-8e4d946fc16d"" target=""_blank""><img src=""/site-core/images/video.png"" class=""video"" /></a>",Home Run,Drew Gagnon,543193,1
8,567226,12b5c653-da08-402d-83ba-6e73f7f5a180,"Albies, Ozzie",2019-08-15,89,field_out,144,121,80.8,62,175,Opposite,0,0.0,1,0,1,92.9,FF,4-Seam Fastball,1,0,0,0,0,0,0,0,"<a href=""/sporty-videos?playId=12b5c653-da08-402d-83ba-6e73f7f5a180"" target=""_blank""><img src=""/site-core/images/video.png"" class=""video"" /></a>",Field Out,Drew Gagnon,543193,1
9,567226,c9d8092e-6b71-4aa3-ab37-fbeb01fc1add,"Acuna Jr., Ronald",2019-08-15,88,home_run,144,121,93.5,35,368,Pull,0,0.093,1,0,1,92.5,FF,4-Seam Fastball,1,1,0,0,0,1,0,0,"<a href=""/sporty-videos?playId=c9d8092e-6b71-4aa3-ab37-fbeb01fc1add"" target=""_blank""><img src=""/site-core/images/video.png"" class=""video"" /></a>",Home Run,Drew Gagnon,543193,1
10,567226,646091c0-34a9-4797-bfdf-5febe83ddbfc,"Duvall, Adam",2019-08-15,87,force_out,144,121,84.8,-22,5,Pull,0,0.057,1,0,1,91.7,FF,4-Seam Fastball,1,0,0,0,0,0,0,0,"<a href=""/sporty-videos?playId=646091c0-34a9-4797-bfdf-5febe83ddbfc"" target=""_blank""><img src=""/site-core/images/video.png"" class=""video"" /></a>",Force Out,Drew Gagnon,543193,1
11,567226,da64f390-ae7e-420d-8ee9-8fa032007c29,"Ortega, Rafael",2019-08-15,86,single,144,121,92.9,10,182,Pull,0,0.653,1,0,1,82.1,CH,Changeup,1,1,1,0,0,0,0,0,"<a href=""/sporty-videos?playId=da64f390-ae7e-420d-8ee9-8fa032007c29"" target=""_blank""><img src=""/site-core/images/video.png"" class=""video"" /></a>",Single,Drew Gagnon,543193,1
12,567226,9f811d72-56f5-494b-9cf8-c83043f6216d,"Camargo, Johan",2019-08-15,81,field_out,144,121,98.5,21,379,Straightaway,0,0.393,1,1,1,92.1,FF,4-Seam Fastball,1,0,0,0,0,0,0,0,"<a href=""/sporty-videos?playId=9f811d72-56f5-494b-9cf8-c83043f6216d"" target=""_blank""><img src=""/site-core/images/video.png"" class=""video"" /></a>",Field Out,Drew Gagnon,543193,1
13,567226,691e6035-13ac-41fe-b091-d064534d747e,"Inciarte, Ender",2019-08-15,80,single,144,121,92.0,9,134,Straightaway,0,0.627,1,0,1,92.1,FF,4-Seam Fastball,1,1,1,0,0,0,0,0,"<a href=""/sporty-videos?playId=691e6035-13ac-41fe-b091-d064534d747e"" target=""_blank""><img src=""/site-core/images/video.png"" class=""video"" /></a>",Single,Drew Gagnon,543193,1
14,567226,8d9bfd37-ee51-40a8-ae40-a78b705bca34,"McCann, Brian",2019-08-15,79,field_out,144,121,45.6,-29,4,Straightaway,0,0.189,1,0,1,83.6,CH,Changeup,1,0,0,0,0,0,0,0,"<a href=""/sporty-videos?playId=8d9bfd37-ee51-40a8-ae40-a78b705bca34"" target=""_blank""><img src=""/site-core/images/video.png"" class=""video"" /></a>",Field Out,Drew Gagnon,543193,1
15,567226,e6495f84-d930-4d6c-b50b-2612fec2a730,"Donaldson, Josh",2019-08-15,78,field_out,144,121,94.0,37,353,Pull,0,0.093,1,0,1,82.2,CH,Changeup,1,0,0,0,0,0,0,0,"<a href=""/sporty-videos?playId=e6495f84-d930-4d6c-b50b-2612fec2a730"" target=""_blank""><img src=""/site-core/images/video.png"" class=""video"" /></a>",Field Out,Drew Gagnon,543193,1
16,567226,7aabceeb-931f-4ec1-934e-8a655b305b62,"Freeman, Freddie",2019-08-15,77,home_run,144,121,102.3,31,381,Opposite,1,0.767,1,1,1,92.9,FF,4-Seam Fastball,1,1,0,0,0,1,0,0,"<a href=""/sporty-videos?playId=7aabceeb-931f-4ec1-934e-8a655b305b62"" target=""_blank""><img src=""/site-core/images/video.png"" class=""video"" /></a>",Home Run,Drew Gagnon,543193,1
17,567224,dcb5c8e6-5fa2-404f-ab24-5ede3dbf8f2a,"Albies, Ozzie",2019-08-13,74,field_out,144,121,85.3,-6,14,Pull,0,0.178,1,0,1,82.2,CH,Changeup,1,0,0,0,0,0,0,0,"<a href=""/sporty-videos?playId=dcb5c8e6-5fa2-404f-ab24-5ede3dbf8f2a"" target=""_blank""><img src=""/site-core/images/video.png"" class=""video"" /></a>",Field Out,Drew Gagnon,543193,1
18,567224,81a7c00d-54c0-46d7-9f05-671b91658fea,"Acuna Jr., Ronald",2019-08-13,73,field_out,144,121,82.9,-21,,Pull,0,0.085,1,0,1,83.0,CH,Changeup,1,0,0,0,0,0,0,0,"<a href=""/sporty-videos?playId=81a7c00d-54c0-46d7-9f05-671b91658fea"" target=""_blank""><img src=""/site-core/images/video.png"" class=""video"" /></a>",Field Out,Drew Gagnon,543193,1
19,567224,3be8b20d-2240-44b0-abba-75864afffcde,"Ortega, Rafael",2019-08-13,72,field_out,144,121,82.8,44,277,Opposite,0,0.0,1,0,1,92.6,FF,4-Seam Fastball,1,0,0,0,0,0,0,0,"<a href=""/sporty-videos?playId=3be8b20d-2240-44b0-abba-75864afffcde"" target=""_blank""><img src=""/site-core/images/video.png"" class=""video"" /></a>",Field Out,Drew Gagnon,543193,1
20,567205,330d8839-24f9-402e-bbde-b88c79dec352,"Acuna Jr., Ronald",2019-06-17,77,walk,144,121,,,,,,,0,0,0,92.2,FF,4-Seam Fastball,0,0,0,0,0,0,0,1,"<a href=""/sporty-videos?playId=330d8839-24f9-402e-bbde-b88c79dec352"" target=""_blank""><img src=""/site-core/images/video.png"" class=""video"" /></a>",Walk,Drew Gagnon,543193,1
21,567205,6db7d4ee-4bca-48bc-b4a5-52b4a7ee6d06,"Culberson, Charlie",2019-06-17,76,field_out,144,121,89.7,0,48,Pull,0,0.271,1,0,1,91.8,FF,4-Seam Fastball,1,0,0,0,0,0,0,0,"<a href=""/sporty-videos?playId=6db7d4ee-4bca-48bc-b4a5-52b4a7ee6d06"" target=""_blank""><img src=""/site-core/images/video.png"" class=""video"" /></a>",Field Out,Drew Gagnon,543193,1
22,567205,3d1283ca-b8cc-40ba-9c18-24d312a83899,"Albies, Ozzie",2019-06-17,75,home_run,144,121,106.6,33,421,Pull,1,0.927,1,1,1,82.1,CH,Changeup,1,1,0,0,0,1,0,0,"<a href=""/sporty-videos?playId=3d1283ca-b8cc-40ba-9c18-24d312a83899"" target=""_blank""><img src=""/site-core/images/video.png"" class=""video"" /></a>",Home Run,Drew Gagnon,543193,1
23,567205,2fd29208-0d0d-41a8-bf2a-9495b22bbb0e,"McCann, Brian",2019-06-17,74,home_run,144,121,104.5,28,405,Pull,1,0.967,1,1,1,93.2,FF,4-Seam Fastball,1,1,0,0,0,1,0,0,"<a href=""/sporty-videos?playId=2fd29208-0d0d-41a8-bf2a-9495b22bbb0e"" target=""_blank""><img src=""/site-core/images/video.png"" class=""video"" /></a>",Home Run,Drew Gagnon,543193,1
24,567205,318f6c09-1b5c-4d5f-8a7c-e273d2f36c0a,"Riley, Austin",2019-06-17,73,walk,144,121,,,,,,,0,0,0,92.1,FF,4-Seam Fastball,0,0,0,0,0,0,0,1,"<a href=""/sporty-videos?playId=318f6c09-1b5c-4d5f-8a7c-e273d2f36c0a"" target=""_blank""><img src=""/site-core/images/video.png"" class=""video"" /></a>",Walk,Drew Gagnon,543193,1
25,567205,837f3581-6c94-4a85-9697-495769ae539a,"Markakis, Nick",2019-06-17,72,field_out,144,121,85.1,-30,5,Pull,0,0.051,1,0,1,82.2,CH,Changeup,1,0,0,0,0,0,0,0,"<a href=""/sporty-videos?playId=837f3581-6c94-4a85-9697-495769ae539a"" target=""_blank""><img src=""/site-core/images/video.png"" class=""video"" /></a>",Field Out,Drew Gagnon,543193,1
26,567205,64d89ae9-3fbd-4b04-99dd-358bab0fcba4,"Donaldson, Josh",2019-06-17,68,force_out,144,121,105.3,-7,16,Straightaway,0,0.288,1,1,1,82.5,CH,Changeup,1,0,0,0,0,0,0,0,"<a href=""/sporty-videos?playId=64d89ae9-3fbd-4b04-99dd-358bab0fcba4"" target=""_blank""><img src=""/site-core/images/video.png"" class=""video"" /></a>",Force Out,Drew Gagnon,543193,1
27,567205,fb2d1216-52af-4e17-a4aa-dea41c4772b7,"Freeman, Freddie",2019-06-17,67,walk,144,121,,,,,,,0,0,0,81.1,CH,Changeup,0,0,0,0,0,0,0,1,"<a href=""/sporty-videos?playId=fb2d1216-52af-4e17-a4aa-dea41c4772b7"" target=""_blank""><img src=""/site-core/images/video.png"" class=""video"" /></a>",Walk,Drew Gagnon,543193,1
28,567205,e1894fd9-1046-40a8-bf09-f9d13efbfd9b,"Swanson, Dansby",2019-06-17,66,field_out,144,121,67.6,48,197,Opposite,0,0.193,1,0,1,81.2,CH,Changeup,1,0,0,0,0,0,0,0,"<a href=""/sporty-videos?playId=e1894fd9-1046-40a8-bf09-f9d13efbfd9b"" target=""_blank""><img src=""/site-core/images/video.png"" class=""video"" /></a>",Field Out,Drew Gagnon,543193,1
29,567205,1965b34d-316f-408e-9970-b0748efccd60,"Acuna Jr., Ronald",2019-06-17,65,single,144,121,108.2,-3,28,Pull,0,0.453,1,1,1,92.7,FF,4-Seam Fastball,1,1,1,0,0,0,0,0,"<a href=""/sporty-videos?playId=1965b34d-316f-408e-9970-b0748efccd60"" target=""_blank""><img src=""/site-core/images/video.png"" class=""video"" /></a>",Single,Drew Gagnon,543193,1
30,567205,a239673f-fcf0-49d2-a99c-0774413ee94a,"Joyce, Matt",2019-06-17,64,single,144,121,98.4,10,191,Pull,0,0.827,1,1,1,95.0,FF,4-Seam Fastball,1,1,1,0,0,0,0,0,"<a href=""/sporty-videos?playId=a239673f-fcf0-49d2-a99c-0774413ee94a"" target=""_blank""><img src=""/site-core/images/video.png"" class=""video"" /></a>",Single,Drew Gagnon,543193,1
31,567205,090198e1-a1b9-4b83-95e4-0e55200ccef6,"Albies, Ozzie",2019-06-17,63,single,144,121,99.8,12,169,Pull,0,0.92,1,1,1,92.3,FF,4-Seam Fastball,1,1,1,0,0,0,0,0,"<a href=""/sporty-videos?playId=090198e1-a1b9-4b83-95e4-0e55200ccef6"" target=""_blank""><img src=""/site-core/images/video.png"" class=""video"" /></a>",Single,Drew Gagnon,543193,1
32,567492,0f1ffd96-ac00-443c-adb9-7db2b101214c,"Sanchez, Gary",2019-06-11,83,field_out,147,121,80.0,69,,Opposite,0,0.0,1,0,1,93.8,FF,4-Seam Fastball,1,0,0,0,0,0,0,0,"<a href=""/sporty-videos?playId=0f1ffd96-ac00-443c-adb9-7db2b101214c"" target=""_blank""><img src=""/site-core/images/video.png"" class=""video"" /></a>",Field Out,Drew Gagnon,543193,1
33,567492,46f6f1ee-0f11-49a7-9a9f-5f1cd7103494,"Voit III, Luke",2019-06-11,82,field_out,147,121,57.4,-33,2,Straightaway,0,0.075,1,0,1,82.1,CH,Changeup,1,0,0,0,0,0,0,0,"<a href=""/sporty-videos?playId=46f6f1ee-0f11-49a7-9a9f-5f1cd7103494"" target=""_blank""><img src=""/site-core/images/video.png"" class=""video"" /></a>",Field Out,Drew Gagnon,543193,1
34,567492,b70a2754-1915-44d3-a88d-180b3d98135f,"LeMahieu, DJ",2019-06-11,81,field_out,147,121,70.0,-18,4,Straightaway,0,0.046,1,0,1,82.4,CH,Changeup,1,0,0,0,0,0,0,0,"<a href=""/sporty-videos?playId=b70a2754-1915-44d3-a88d-180b3d98135f"" target=""_blank""><img src=""/site-core/images/video.png"" class=""video"" /></a>",Field Out,Drew Gagnon,543193,1
35,567492,1f1acc8b-b1ec-4a88-a70a-85c73ed3e0af,"Gardner, Brett",2019-06-11,80,home_run,147,121,109.7,27,391,Pull,1,1.0,1,1,1,93.4,FF,4-Seam Fastball,1,1,0,0,0,1,0,0,"<a href=""/sporty-videos?playId=1f1acc8b-b1ec-4a88-a70a-85c73ed3e0af"" target=""_blank""><img src=""/site-core/images/video.png"" class=""video"" /></a>",Home Run,Drew Gagnon,543193,1
36,566018,c99046bd-8f34-4526-884d-ec4f74e5208e,"Rodgers, Brendan",2019-06-07,61,field_error,115,121,109.3,16,322,Straightaway,1,0.62,1,1,1,92.4,FF,4-Seam Fastball,1,0,0,0,0,0,0,0,"<a href=""/sporty-videos?playId=c99046bd-8f34-4526-884d-ec4f74e5208e"" target=""_blank""><img src=""/site-core/images/video.png"" class=""video"" /></a>",Field Error,Drew Gagnon,543193,1
37,566018,b1ac54db-7feb-42ce-bebe-d88f22fc6aec,"Desmond, Ian",2019-06-07,60,hit_by_pitch,115,121,,,,,,,0,0,0,91.5,FF,4-Seam Fastball,0,0,0,0,0,0,0,0,"<a href=""/sporty-videos?playId=b1ac54db-7feb-42ce-bebe-d88f22fc6aec"" target=""_blank""><img src=""/site-core/images/video.png"" class=""video"" /></a>",Hit By Pitch,Drew Gagnon,543193,1
38,566018,d5c0dab8-b79a-405e-9f05-fea54e721f10,"Murphy, Daniel",2019-06-07,59,home_run,115,121,99.5,37,369,Pull,0,0.2,1,1,1,83.7,CH,Changeup,1,1,0,0,0,1,0,0,"<a href=""/sporty-videos?playId=d5c0dab8-b79a-405e-9f05-fea54e721f10"" target=""_blank""><img src=""/site-core/images/video.png"" class=""video"" /></a>",Home Run,Drew Gagnon,543193,1
39,566018,6f723afc-8e95-4f4f-bcfe-76751b13c402,"Arenado, Nolan",2019-06-07,58,field_out,115,121,92.5,25,357,Straightaway,0,0.193,1,0,1,93.2,FF,4-Seam Fastball,1,0,0,0,0,0,0,0,"<a href=""/sporty-videos?playId=6f723afc-8e95-4f4f-bcfe-76751b13c402"" target=""_blank""><img src=""/site-core/images/video.png"" class=""video"" /></a>",Field Out,Drew Gagnon,543193,1
40,566018,a71052e5-c2f0-4dbd-90c2-230da5ce6f41,"Dahl, David",2019-06-07,57,home_run,115,121,105.0,36,393,Pull,1,0.58,1,1,1,93.0,FF,4-Seam Fastball,1,1,0,0,0,1,0,0,"<a href=""/sporty-videos?playId=a71052e5-c2f0-4dbd-90c2-230da5ce6f41"" target=""_blank""><img src=""/site-core/images/video.png"" class=""video"" /></a>",Home Run,Drew Gagnon,543193,1
41,566018,e6521a39-55de-42e2-b106-ade2a6af50f9,"Story, Trevor",2019-06-07,56,strikeout,115,121,,,,,,,1,0,0,82.6,CH,Changeup,1,0,0,0,0,0,1,0,"<a href=""/sporty-videos?playId=e6521a39-55de-42e2-b106-ade2a6af50f9"" target=""_blank""><img src=""/site-core/images/video.png"" class=""video"" /></a>",Strikeout,Drew Gagnon,543193,1
42,566018,01ae4826-27a9-492c-9753-903e06da4169,"Tapia, Raimel",2019-06-07,55,single,115,121,91.0,0,31,Opposite,0,0.344,1,0,1,92.9,FF,4-Seam Fastball,1,1,1,0,0,0,0,0,"<a href=""/sporty-videos?playId=01ae4826-27a9-492c-9753-903e06da4169"" target=""_blank""><img src=""/site-core/images/video.png"" class=""video"" /></a>",Single,Drew Gagnon,543193,1
43,564858,816d6357-d4d6-4105-8678-2932d0c457ce,"Dyson, Jarrod",2019-06-01,72,field_out,109,121,78.6,40,282,Opposite,0,0.027,1,0,1,92.3,FF,4-Seam Fastball,1,0,0,0,0,0,0,0,"<a href=""/sporty-videos?playId=816d6357-d4d6-4105-8678-2932d0c457ce"" target=""_blank""><img src=""/site-core/images/video.png"" class=""video"" /></a>",Field Out,Drew Gagnon,543193,1
44,564858,d145ca2c-3ca7-490f-a2aa-03f29aa2f77d,"Locastro, Tim",2019-06-01,71,walk,109,121,,,,,,,0,0,0,91.5,FF,4-Seam Fastball,0,0,0,0,0,0,0,1,"<a href=""/sporty-videos?playId=d145ca2c-3ca7-490f-a2aa-03f29aa2f77d"" target=""_blank""><img src=""/site-core/images/video.png"" class=""video"" /></a>",Walk,Drew Gagnon,543193,1
45,564858,8e2a5623-5455-41ef-ab56-d24b1bb4e5d7,"Avila, Alex",2019-06-01,70,strikeout,109,121,,,,,,,1,0,0,91.0,FF,4-Seam Fastball,1,0,0,0,0,0,1,0,"<a href=""/sporty-videos?playId=8e2a5623-5455-41ef-ab56-d24b1bb4e5d7"" target=""_blank""><img src=""/site-core/images/video.png"" class=""video"" /></a>",Strikeout,Drew Gagnon,543193,1
46,565827,ff833112-7932-41e7-87b9-9a8433f8dc2b,"Martin, Russell",2019-05-30,63,strikeout,119,121,,,,,,,1,0,0,81.6,CH,Changeup,1,0,0,0,0,0,1,0,"<a href=""/sporty-videos?playId=ff833112-7932-41e7-87b9-9a8433f8dc2b"" target=""_blank""><img src=""/site-core/images/video.png"" class=""video"" /></a>",Strikeout,Drew Gagnon,543193,1
47,565824,05d75ace-5a81-4eff-ad3d-c97852e2840a,"Martin, Russell",2019-05-27,82,strikeout,119,121,,,,,,,1,0,0,,,,1,0,0,0,0,0,1,0,"<a href=""/sporty-videos?playId=05d75ace-5a81-4eff-ad3d-c97852e2840a"" target=""_blank""><img src=""/site-core/images/video.png"" class=""video"" /></a>",Strikeout,Drew Gagnon,543193,1
48,565824,caaa9664-e838-46a6-9ef5-b97436561252,"Taylor, Chris",2019-05-27,81,single,119,121,,,,Straightaway,0,,1,0,1,,,,1,1,1,0,0,0,0,0,"<a href=""/sporty-videos?playId=caaa9664-e838-46a6-9ef5-b97436561252"" target=""_blank""><img src=""/site-core/images/video.png"" class=""video"" /></a>",Single,Drew Gagnon,543193,1
49,565824,639e1362-6465-4d22-8595-16880202a57c,"Verdugo, Alex",2019-05-27,80,single,119,121,,,,Pull,0,,1,0,1,,,,1,1,1,0,0,0,0,0,"<a href=""/sporty-videos?playId=639e1362-6465-4d22-8595-16880202a57c"" target=""_blank""><img src=""/site-core/images/video.png"" class=""video"" /></a>",Single,Drew Gagnon,543193,1
50,565824,6a44cafe-6bc9-4bb7-9905-fc7144e3705c,"Seager, Corey",2019-05-27,79,single,119,121,,,,Straightaway,0,,1,0,1,,,,1,1,1,0,0,0,0,0,"<a href=""/sporty-videos?playId=6a44cafe-6bc9-4bb7-9905-fc7144e3705c"" target=""_blank""><img src=""/site-core/images/video.png"" class=""video"" /></a>",Single,Drew Gagnon,543193,1
51,565824,b080702d-82ba-405f-a09a-6eb6ee5e7b50,"Bellinger, Cody",2019-05-27,78,field_out,119,121,,,,Pull,0,,1,0,1,,,,1,0,0,0,0,0,0,0,"<a href=""/sporty-videos?playId=b080702d-82ba-405f-a09a-6eb6ee5e7b50"" target=""_blank""><img src=""/site-core/images/video.png"" class=""video"" /></a>",Field Out,Drew Gagnon,543193,1
52,565824,3cd60f0e-89ad-424c-968a-df354f3bb095,"Turner, Justin",2019-05-27,77,field_out,119,121,,,,Pull,0,,1,0,1,,,,1,0,0,0,0,0,0,0,"<a href=""/sporty-videos?playId=3cd60f0e-89ad-424c-968a-df354f3bb095"" target=""_blank""><img src=""/site-core/images/video.png"" class=""video"" /></a>",Field Out,Drew Gagnon,543193,1
53,566012,334ec22d-19d1-4469-8f3f-83ef5e782432,"Goodrum, Niko",2019-05-24,65,strikeout,116,121,,,,,,,1,0,0,80.5,CH,Changeup,1,0,0,0,0,0,1,0,"<a href=""/sporty-videos?playId=334ec22d-19d1-4469-8f3f-83ef5e782432"" target=""_blank""><img src=""/site-core/images/video.png"" class=""video"" /></a>",Strikeout,Drew Gagnon,543193,1
54,566012,82bdfbf6-f720-4224-9d72-d1cc0db3865f,"Dixon, Brandon",2019-05-24,64,single,116,121,77.7,23,257,Straightaway,0,0.767,1,0,1,77.7,CU,Curveball,1,1,1,0,0,0,0,0,"<a href=""/sporty-videos?playId=82bdfbf6-f720-4224-9d72-d1cc0db3865f"" target=""_blank""><img src=""/site-core/images/video.png"" class=""video"" /></a>",Single,Drew Gagnon,543193,1
55,566012,617c99c4-1f7a-4fe3-b89b-21d564fca4c6,"Jones, JaCoby",2019-05-24,63,double,116,121,104.6,19,296,Pull,1,0.68,1,1,1,81.5,CH,Changeup,1,1,0,1,0,0,0,0,"<a href=""/sporty-videos?playId=617c99c4-1f7a-4fe3-b89b-21d564fca4c6"" target=""_blank""><img src=""/site-core/images/video.png"" class=""video"" /></a>",Double,Drew Gagnon,543193,1
56,566012,e34d4120-38c8-4bc6-954d-328685877a4a,"Harrison, Josh",2019-05-24,62,field_out,116,121,75.6,5,68,Pull,0,0.155,1,0,1,92.2,FF,4-Seam Fastball,1,0,0,0,0,0,0,0,"<a href=""/sporty-videos?playId=e34d4120-38c8-4bc6-954d-328685877a4a"" target=""_blank""><img src=""/site-core/images/video.png"" class=""video"" /></a>",Field Out,Drew Gagnon,543193,1
57,566012,df4a194a-c4ce-42c3-b19d-c38da126a82e,"Hicks, John",2019-05-24,61,double,116,121,98.2,22,293,Pull,0,0.4,1,1,1,92.2,FF,4-Seam Fastball,1,1,0,1,0,0,0,0,"<a href=""/sporty-videos?playId=df4a194a-c4ce-42c3-b19d-c38da126a82e"" target=""_blank""><img src=""/site-core/images/video.png"" class=""video"" /></a>",Double,Drew Gagnon,543193,1
58,566012,8dd08760-86c7-4171-9419-c10c31bf7c5e,"Rodriguez, Ronny",2019-05-24,60,force_out,116,121,80.9,-29,3,Pull,0,0.041,1,0,1,78.1,CU,Curveball,1,0,0,0,0,0,0,0,"<a href=""/sporty-videos?playId=8dd08760-86c7-4171-9419-c10c31bf7c5e"" target=""_blank""><img src=""/site-core/images/video.png"" class=""video"" /></a>",Force Out,Drew Gagnon,543193,1
59,566012,cdb1a0df-06b7-446e-a53d-4a01f44a2fcd,"Cabrera, Miguel",2019-05-24,59,walk,116,121,,,,,,,0,0,0,81.9,CH,Changeup,0,0,0,0,0,0,0,1,"<a href=""/sporty-videos?playId=cdb1a0df-06b7-446e-a53d-4a01f44a2fcd"" target=""_blank""><img src=""/site-core/images/video.png"" class=""video"" /></a>",Walk,Drew Gagnon,543193,1
60,566010,5c10acb0-6d38-4c8b-98bd-690835486dd9,"Eaton, Adam",2019-05-22,57,field_out,120,121,85.5,28,320,Straightaway,0,0.053,1,0,1,83.1,CH,Changeup,1,0,0,0,0,0,0,0,"<a href=""/sporty-videos?playId=5c10acb0-6d38-4c8b-98bd-690835486dd9"" target=""_blank""><img src=""/site-core/images/video.png"" class=""video"" /></a>",Field Out,Drew Gagnon,543193,1
61,566010,b7638afd-7970-499c-bbc1-af28dc2da912,"Turner, Trea",2019-05-22,56,field_out,120,121,80.0,69,,Opposite,0,0.0,1,0,1,92.1,FF,4-Seam Fastball,1,0,0,0,0,0,0,0,"<a href=""/sporty-videos?playId=b7638afd-7970-499c-bbc1-af28dc2da912"" target=""_blank""><img src=""/site-core/images/video.png"" class=""video"" /></a>",Field Out,Drew Gagnon,543193,1
62,566010,8d5c2920-b343-4ba0-af85-04ca0789cac2,"Kendrick III, Howie",2019-05-22,55,field_out,120,121,100.9,4,76,Straightaway,0,0.56,1,1,1,77.3,CU,Curveball,1,0,0,0,0,0,0,0,"<a href=""/sporty-videos?playId=8d5c2920-b343-4ba0-af85-04ca0789cac2"" target=""_blank""><img src=""/site-core/images/video.png"" class=""video"" /></a>",Field Out,Drew Gagnon,543193,1
63,566008,ebdb0fe7-ecbc-4b46-9804-3e6b306c11ba,"Robles, Victor",2019-05-20,49,strikeout,120,121,,,,,,,1,0,0,93.3,FF,4-Seam Fastball,1,0,0,0,0,0,1,0,"<a href=""/sporty-videos?playId=ebdb0fe7-ecbc-4b46-9804-3e6b306c11ba"" target=""_blank""><img src=""/site-core/images/video.png"" class=""video"" /></a>",Strikeout,Drew Gagnon,543193,1
64,566008,3d7a79b9-eda2-4f51-85a8-3b8cbd266ae6,"Parra, Gerardo",2019-05-20,48,field_out,120,121,90.1,0,46,Pull,0,0.23,1,0,1,93.8,FF,4-Seam Fastball,1,0,0,0,0,0,0,0,"<a href=""/sporty-videos?playId=3d7a79b9-eda2-4f51-85a8-3b8cbd266ae6"" target=""_blank""><img src=""/site-core/images/video.png"" class=""video"" /></a>",Field Out,Drew Gagnon,543193,1
65,566008,a4285c81-792a-48ca-88a6-d687e0b9029b,"Kendrick III, Howie",2019-05-20,47,strikeout,120,121,,,,,,,1,0,0,84.1,CH,Changeup,1,0,0,0,0,0,1,0,"<a href=""/sporty-videos?playId=a4285c81-792a-48ca-88a6-d687e0b9029b"" target=""_blank""><img src=""/site-core/images/video.png"" class=""video"" /></a>",Strikeout,Drew Gagnon,543193,1
66,566008,482b4d60-c9ee-4afd-8365-b262a5b0936d,"Soto, Juan",2019-05-20,43,field_out,120,121,103.5,52,276,Pull,0,0.033,1,1,1,92.1,FF,4-Seam Fastball,1,0,0,0,0,0,0,0,"<a href=""/sporty-videos?playId=482b4d60-c9ee-4afd-8365-b262a5b0936d"" target=""_blank""><img src=""/site-core/images/video.png"" class=""video"" /></a>",Field Out,Drew Gagnon,543193,1
67,566008,0c5242ca-89fb-494f-9d54-1dcff373b351,"Rendon, Anthony",2019-05-20,42,walk,120,121,,,,,,,0,0,0,83.5,CH,Changeup,0,0,0,0,0,0,0,1,"<a href=""/sporty-videos?playId=0c5242ca-89fb-494f-9d54-1dcff373b351"" target=""_blank""><img src=""/site-core/images/video.png"" class=""video"" /></a>",Walk,Drew Gagnon,543193,1
68,566008,8c3efdd2-ffad-4e63-b17e-33d170494fe3,"Eaton, Adam",2019-05-20,41,field_out,120,121,58.0,-14,11,Pull,0,0.076,1,0,1,92.9,FF,4-Seam Fastball,1,0,0,0,0,0,0,0,"<a href=""/sporty-videos?playId=8c3efdd2-ffad-4e63-b17e-33d170494fe3"" target=""_blank""><img src=""/site-core/images/video.png"" class=""video"" /></a>",Field Out,Drew Gagnon,543193,1
69,566008,9eaeccda-2fba-4778-b3b0-3075cc2db5e2,"Turner, Trea",2019-05-20,40,field_out,120,121,80.0,69,,Opposite,0,0.0,1,0,1,83.2,CH,Changeup,1,0,0,0,0,0,0,0,"<a href=""/sporty-videos?playId=9eaeccda-2fba-4778-b3b0-3075cc2db5e2"" target=""_blank""><img src=""/site-core/images/video.png"" class=""video"" /></a>",Field Out,Drew Gagnon,543193,1
70,565914,428b2f65-f75e-4280-a84e-42fef52e11e9,"Dozier, Brian",2019-05-15,44,grounded_into_double_play,120,121,60.6,-32,4,Straightaway,0,0.051,1,0,1,83.4,SL,Slider,1,0,0,0,0,0,0,0,"<a href=""/sporty-videos?playId=428b2f65-f75e-4280-a84e-42fef52e11e9"" target=""_blank""><img src=""/site-core/images/video.png"" class=""video"" /></a>",Grounded Into Double Play,Drew Gagnon,543193,1
71,565914,429238c5-6d56-47c9-84a6-d3c589ceaaa8,"Kendrick III, Howie",2019-05-15,43,field_out,120,121,74.7,82,53,Opposite,0,0.0,1,0,1,90.9,FF,4-Seam Fastball,1,0,0,0,0,0,0,0,"<a href=""/sporty-videos?playId=429238c5-6d56-47c9-84a6-d3c589ceaaa8"" target=""_blank""><img src=""/site-core/images/video.png"" class=""video"" /></a>",Field Out,Drew Gagnon,543193,1
72,565914,0a58606e-d25f-4131-b3c8-bd64108e34c8,"Soto, Juan",2019-05-15,42,single,120,121,107.3,12,268,Straightaway,0,0.9,1,1,1,91.5,FF,4-Seam Fastball,1,1,1,0,0,0,0,0,"<a href=""/sporty-videos?playId=0a58606e-d25f-4131-b3c8-bd64108e34c8"" target=""_blank""><img src=""/site-core/images/video.png"" class=""video"" /></a>",Single,Drew Gagnon,543193,1
73,565914,64426e80-a8f0-4cc1-9296-097bd1358a72,"Rendon, Anthony",2019-05-15,41,single,120,121,90.2,13,190,Pull,0,0.927,1,0,1,81.4,CH,Changeup,1,1,1,0,0,0,0,0,"<a href=""/sporty-videos?playId=64426e80-a8f0-4cc1-9296-097bd1358a72"" target=""_blank""><img src=""/site-core/images/video.png"" class=""video"" /></a>",Single,Drew Gagnon,543193,1
74,565914,0eef3678-48f6-4918-a976-6b3489eb2964,"Robles, Victor",2019-05-15,36,strikeout,120,121,,,,,,,1,0,0,81.3,CH,Changeup,1,0,0,0,0,0,1,0,"<a href=""/sporty-videos?playId=0eef3678-48f6-4918-a976-6b3489eb2964"" target=""_blank""><img src=""/site-core/images/video.png"" class=""video"" /></a>",Strikeout,Drew Gagnon,543193,1
75,565914,981277bd-76a0-4a77-b34d-5d8215eac7b0,"Eaton, Adam",2019-05-15,35,single,120,121,90.3,-17,,Opposite,0,0.162,1,0,1,80.6,CH,Changeup,1,1,1,0,0,0,0,0,"<a href=""/sporty-videos?playId=981277bd-76a0-4a77-b34d-5d8215eac7b0"" target=""_blank""><img src=""/site-core/images/video.png"" class=""video"" /></a>",Single,Drew Gagnon,543193,1
76,565914,b12f4ffb-2ab9-40b2-acaf-58e1a5b091e2,"Corbin, Patrick",2019-05-15,34,field_out,120,121,95.2,28,351,Opposite,0,0.28,1,1,1,91.0,FF,4-Seam Fastball,1,0,0,0,0,0,0,0,"<a href=""/sporty-videos?playId=b12f4ffb-2ab9-40b2-acaf-58e1a5b091e2"" target=""_blank""><img src=""/site-core/images/video.png"" class=""video"" /></a>",Field Out,Drew Gagnon,543193,1
77,565914,8a6940ae-9d4f-47af-a6d2-6171920bbb9c,"Difo, Wilmer",2019-05-15,33,field_out,120,121,71.1,39,236,Pull,0,0.347,1,0,1,82.1,CH,Changeup,1,0,0,0,0,0,0,0,"<a href=""/sporty-videos?playId=8a6940ae-9d4f-47af-a6d2-6171920bbb9c"" target=""_blank""><img src=""/site-core/images/video.png"" class=""video"" /></a>",Field Out,Drew Gagnon,543193,1
78,565914,0d5a1800-a4df-4f70-8c09-4849d72c3b7e,"Gomes, Yan",2019-05-15,29,field_out,120,121,68.6,55,162,Opposite,0,0.073,1,0,1,82.3,CH,Changeup,1,0,0,0,0,0,0,0,"<a href=""/sporty-videos?playId=0d5a1800-a4df-4f70-8c09-4849d72c3b7e"" target=""_blank""><img src=""/site-core/images/video.png"" class=""video"" /></a>",Field Out,Drew Gagnon,543193,1
79,565914,e99277b4-7f62-4893-93ae-cea3bc20ce32,"Dozier, Brian",2019-05-15,28,field_out,120,121,96.3,25,378,Straightaway,0,0.353,1,1,1,91.3,FF,4-Seam Fastball,1,0,0,0,0,0,0,0,"<a href=""/sporty-videos?playId=e99277b4-7f62-4893-93ae-cea3bc20ce32"" target=""_blank""><img src=""/site-core/images/video.png"" class=""video"" /></a>",Field Out,Drew Gagnon,543193,1
80,566295,81e51912-2ceb-4927-befd-21543d7b1f63,"Machado, Manny",2019-05-08,60,strikeout,135,121,,,,,,,1,0,0,83.0,CH,Changeup,1,0,0,0,0,0,1,0,"<a href=""/sporty-videos?playId=81e51912-2ceb-4927-befd-21543d7b1f63"" target=""_blank""><img src=""/site-core/images/video.png"" class=""video"" /></a>",Strikeout,Drew Gagnon,543193,1
81,566295,afa1c024-0f89-4a62-978f-3c88dbdada80,"Reyes, Franmil",2019-05-08,59,field_out,135,121,89.7,-40,3,Pull,0,0.069,1,0,1,93.6,FF,4-Seam Fastball,1,0,0,0,0,0,0,0,"<a href=""/sporty-videos?playId=afa1c024-0f89-4a62-978f-3c88dbdada80"" target=""_blank""><img src=""/site-core/images/video.png"" class=""video"" /></a>",Field Out,Drew Gagnon,543193,1
82,566295,ac0421f8-7cad-445a-b7ce-e8a6cfa58895,"Kinsler, Ian",2019-05-08,58,field_out,135,121,66.4,8,78,Straightaway,0,0.218,1,0,1,81.2,CH,Changeup,1,0,0,0,0,0,0,0,"<a href=""/sporty-videos?playId=ac0421f8-7cad-445a-b7ce-e8a6cfa58895"" target=""_blank""><img src=""/site-core/images/video.png"" class=""video"" /></a>",Field Out,Drew Gagnon,543193,1
83,567571,bb3b089f-3444-4e50-9f59-7f8279d7708e,"Cain, Lorenzo",2019-05-04,93,field_out,158,121,80.0,69,,Opposite,0,0.0,1,0,1,92.6,FF,4-Seam Fastball,1,0,0,0,0,0,0,0,"<a href=""/sporty-videos?playId=bb3b089f-3444-4e50-9f59-7f8279d7708e"" target=""_blank""><img src=""/site-core/images/video.png"" class=""video"" /></a>",Field Out,Drew Gagnon,543193,1
84,567571,737dac84-5222-4458-8dcc-6c63feca0ef3,"Perez, Hernan",2019-05-04,92,single,158,121,105.4,-1,40,Pull,0,0.447,1,1,1,91.3,FF,4-Seam Fastball,1,1,1,0,0,0,0,0,"<a href=""/sporty-videos?playId=737dac84-5222-4458-8dcc-6c63feca0ef3"" target=""_blank""><img src=""/site-core/images/video.png"" class=""video"" /></a>",Single,Drew Gagnon,543193,1
85,567570,d23aec24-699b-424b-8a82-663a3eb75488,"Arcia, Orlando",2019-05-03,65,field_out,158,121,58.5,-50,1,Straightaway,0,0.174,1,0,1,78.7,CU,Curveball,1,0,0,0,0,0,0,0,"<a href=""/sporty-videos?playId=d23aec24-699b-424b-8a82-663a3eb75488"" target=""_blank""><img src=""/site-core/images/video.png"" class=""video"" /></a>",Field Out,Drew Gagnon,543193,1
86,566002,832af1c8-74fb-4e24-88a7-1b67a9963972,"Iglesias, Jose",2019-04-30,79,field_out,113,121,60.7,76,87,Opposite,0,0.0,1,0,1,82.5,CH,Changeup,1,0,0,0,0,0,0,0,"<a href=""/sporty-videos?playId=832af1c8-74fb-4e24-88a7-1b67a9963972"" target=""_blank""><img src=""/site-core/images/video.png"" class=""video"" /></a>",Field Out,Drew Gagnon,543193,1
87,566002,fbf3ca9e-2ce6-46d7-ae42-fc0b0909ba9e,"Winker, Jesse",2019-04-30,78,field_error,113,121,100.2,-2,37,Pull,0,0.381,1,1,1,82.6,CH,Changeup,1,0,0,0,0,0,0,0,"<a href=""/sporty-videos?playId=fbf3ca9e-2ce6-46d7-ae42-fc0b0909ba9e"" target=""_blank""><img src=""/site-core/images/video.png"" class=""video"" /></a>",Field Error,Drew Gagnon,543193,1
88,566002,1b0819c4-e052-42c8-866c-1d6d6ba132f6,"Dietrich, Derek",2019-04-30,77,hit_by_pitch,113,121,,,,,,,0,0,0,92.4,FF,4-Seam Fastball,0,0,0,0,0,0,0,0,"<a href=""/sporty-videos?playId=1b0819c4-e052-42c8-866c-1d6d6ba132f6"" target=""_blank""><img src=""/site-core/images/video.png"" class=""video"" /></a>",Hit By Pitch,Drew Gagnon,543193,1
89,566002,cbede803-b5c2-4fdd-b29b-24c549cc536f,"Barnhart, Tucker",2019-04-30,76,strikeout,113,121,,,,,,,1,0,0,81.3,CH,Changeup,1,0,0,0,0,0,1,0,"<a href=""/sporty-videos?playId=cbede803-b5c2-4fdd-b29b-24c549cc536f"" target=""_blank""><img src=""/site-core/images/video.png"" class=""video"" /></a>",Strikeout,Drew Gagnon,543193,1
90,566002,a9282f9e-cb52-4a00-9924-c4caaee729bf,"Puig, Yasiel",2019-04-30,75,field_out,113,121,80.0,69,,Pull,0,0.0,1,0,1,76.1,CU,Curveball,1,0,0,0,0,0,0,0,"<a href=""/sporty-videos?playId=a9282f9e-cb52-4a00-9924-c4caaee729bf"" target=""_blank""><img src=""/site-core/images/video.png"" class=""video"" /></a>",Field Out,Drew Gagnon,543193,1
91,566002,f98545a6-12b7-4dac-ae96-46fed1078d64,"Suarez, Eugenio",2019-04-30,71,strikeout,113,121,,,,,,,1,0,0,81.2,CH,Changeup,1,0,0,0,0,0,1,0,"<a href=""/sporty-videos?playId=f98545a6-12b7-4dac-ae96-46fed1078d64"" target=""_blank""><img src=""/site-core/images/video.png"" class=""video"" /></a>",Strikeout,Drew Gagnon,543193,1
92,567069,9918ffd8-5cf6-4244-b0e2-73e3a09b96f9,"Hernandez, Cesar",2019-04-16,61,double,143,121,99.2,2,65,Pull,0,0.567,1,1,1,90.1,FF,4-Seam Fastball,1,1,0,1,0,0,0,0,"<a href=""/sporty-videos?playId=9918ffd8-5cf6-4244-b0e2-73e3a09b96f9"" target=""_blank""><img src=""/site-core/images/video.png"" class=""video"" /></a>",Double,Drew Gagnon,543193,1
93,567069,9e20736e-f83b-43f9-a49b-a996540bd0aa,"Kingery, Scott",2019-04-16,60,double,143,121,94.5,-10,11,Pull,0,0.329,1,0,1,90.8,FF,4-Seam Fastball,1,1,0,1,0,0,0,0,"<a href=""/sporty-videos?playId=9e20736e-f83b-43f9-a49b-a996540bd0aa"" target=""_blank""><img src=""/site-core/images/video.png"" class=""video"" /></a>",Double,Drew Gagnon,543193,1
94,567069,bced27c4-fb01-457e-af5f-45b4b034c693,"Realmuto, J.T.",2019-04-16,59,field_error,143,121,86.2,-25,6,Pull,0,0.085,1,0,1,91.0,FF,4-Seam Fastball,1,0,0,0,0,0,0,0,"<a href=""/sporty-videos?playId=bced27c4-fb01-457e-af5f-45b4b034c693"" target=""_blank""><img src=""/site-core/images/video.png"" class=""video"" /></a>",Field Error,Drew Gagnon,543193,1
95,567069,ed001738-669a-4a3c-bbb8-74f8322aa60b,"Harper, Bryce",2019-04-16,58,single,143,121,101.4,12,188,Pull,0,0.9,1,1,1,91.3,FF,4-Seam Fastball,1,1,1,0,0,0,0,0,"<a href=""/sporty-videos?playId=ed001738-669a-4a3c-bbb8-74f8322aa60b"" target=""_blank""><img src=""/site-core/images/video.png"" class=""video"" /></a>",Single,Drew Gagnon,543193,1
96,567069,822b9a48-a7fc-4750-8bd0-21948289e93d,"Knapp, Andrew",2019-04-16,57,field_out,143,121,97.4,44,323,Opposite,0,0.013,1,1,1,91.1,FF,4-Seam Fastball,1,0,0,0,0,0,0,0,"<a href=""/sporty-videos?playId=822b9a48-a7fc-4750-8bd0-21948289e93d"" target=""_blank""><img src=""/site-core/images/video.png"" class=""video"" /></a>",Field Out,Drew Gagnon,543193,1
97,567069,20d15b01-e0f0-4749-8e8c-ca61aff7c2cd,"McCutchen, Andrew",2019-04-16,52,strikeout,143,121,,,,,,,1,0,0,80.7,CH,Changeup,1,0,0,0,0,0,1,0,"<a href=""/sporty-videos?playId=20d15b01-e0f0-4749-8e8c-ca61aff7c2cd"" target=""_blank""><img src=""/site-core/images/video.png"" class=""video"" /></a>",Strikeout,Drew Gagnon,543193,1
98,567069,7fc3f668-8dd5-4b8a-95c4-14a32e14bfa0,"Williams, Nick",2019-04-16,51,strikeout,143,121,,,,,,,1,0,0,81.1,CH,Changeup,1,0,0,0,0,0,1,0,"<a href=""/sporty-videos?playId=7fc3f668-8dd5-4b8a-95c4-14a32e14bfa0"" target=""_blank""><img src=""/site-core/images/video.png"" class=""video"" /></a>",Strikeout,Drew Gagnon,543193,1
99,567069,2a2300c9-3ec1-4547-8241-d5424f2c8530,"Franco, Maikel",2019-04-16,50,field_out,143,121,83.5,36,282,Opposite,0,0.027,1,0,1,90.3,FF,4-Seam Fastball,1,0,0,0,0,0,0,0,"<a href=""/sporty-videos?playId=2a2300c9-3ec1-4547-8241-d5424f2c8530"" target=""_blank""><img src=""/site-core/images/video.png"" class=""video"" /></a>",Field Out,Drew Gagnon,543193,1
100,567069,cdb35529-71a5-4102-bcf2-5fdd39cc008c,"Altherr, Aaron",2019-04-16,43,field_out,143,121,56.8,21,142,Straightaway,0,0.26,1,0,1,90.2,FF,4-Seam Fastball,1,0,0,0,0,0,0,0,"<a href=""/sporty-videos?playId=cdb35529-71a5-4102-bcf2-5fdd39cc008c"" target=""_blank""><img src=""/site-core/images/video.png"" class=""video"" /></a>",Field Out,Drew Gagnon,543193,1
101,567069,472ed603-a19e-4336-bf43-f2d3305d73c3,"Hernandez, Cesar",2019-04-16,42,field_out,143,121,80.0,69,,Opposite,0,0.0,1,0,1,90.7,FF,4-Seam Fastball,1,0,0,0,0,0,0,0,"<a href=""/sporty-videos?playId=472ed603-a19e-4336-bf43-f2d3305d73c3"" target=""_blank""><img src=""/site-core/images/video.png"" class=""video"" /></a>",Field Out,Drew Gagnon,543193,1
102,567069,e3294061-9179-4dbb-950f-b15522075e92,"Kingery, Scott",2019-04-16,41,single,143,121,101.1,4,117,Straightaway,0,0.56,1,1,1,91.5,FF,4-Seam Fastball,1,1,1,0,0,0,0,0,"<a href=""/sporty-videos?playId=e3294061-9179-4dbb-950f-b15522075e92"" target=""_blank""><img src=""/site-core/images/video.png"" class=""video"" /></a>",Single,Drew Gagnon,543193,1
103,567069,6c23ace0-64a4-493f-949f-c4c3cbd02296,"Realmuto, J.T.",2019-04-16,40,home_run,143,121,108.4,25,420,Straightaway,1,0.987,1,1,1,92.0,FF,4-Seam Fastball,1,1,0,0,0,1,0,0,"<a href=""/sporty-videos?playId=6c23ace0-64a4-493f-949f-c4c3cbd02296"" target=""_blank""><img src=""/site-core/images/video.png"" class=""video"" /></a>",Home Run,Drew Gagnon,543193,1
104,567069,6102402f-bda1-4a5e-a39e-cf46a4fda8ad,"Harper, Bryce",2019-04-16,39,field_out,143,121,67.2,36,218,Straightaway,0,0.707,1,0,1,91.1,FF,4-Seam Fastball,1,0,0,0,0,0,0,0,"<a href=""/sporty-videos?playId=6102402f-bda1-4a5e-a39e-cf46a4fda8ad"" target=""_blank""><img src=""/site-core/images/video.png"" class=""video"" /></a>",Field Out,Drew Gagnon,543193,1
105,567069,01271a5d-217d-4b3e-b524-294762dd430b,"Knapp, Andrew",2019-04-16,34,field_out,143,121,94.1,59,226,Straightaway,0,0.013,1,0,1,89.8,FF,4-Seam Fastball,1,0,0,0,0,0,0,0,"<a href=""/sporty-videos?playId=01271a5d-217d-4b3e-b524-294762dd430b"" target=""_blank""><img src=""/site-core/images/video.png"" class=""video"" /></a>",Field Out,Drew Gagnon,543193,1
106,567069,3bb3e1d7-a863-41e4-8042-554ad33791d9,"McCutchen, Andrew",2019-04-16,33,field_out,143,121,87.5,30,307,Opposite,0,0.06,1,0,1,91.9,FF,4-Seam Fastball,1,0,0,0,0,0,0,0,"<a href=""/sporty-videos?playId=3bb3e1d7-a863-41e4-8042-554ad33791d9"" target=""_blank""><img src=""/site-core/images/video.png"" class=""video"" /></a>",Field Out,Drew Gagnon,543193,1
107,567069,53eb4400-bc7e-4c67-8b24-58742045ebe4,"Pivetta, Nick",2019-04-16,32,strikeout,143,121,,,,,,,1,0,0,91.9,FF,4-Seam Fastball,1,0,0,0,0,0,1,0,"<a href=""/sporty-videos?playId=53eb4400-bc7e-4c67-8b24-58742045ebe4"" target=""_blank""><img src=""/site-core/images/video.png"" class=""video"" /></a>",Strikeout,Drew Gagnon,543193,1
108,567069,60e564ac-3038-4886-82ff-6f9ccd2bf31d,"Franco, Maikel",2019-04-16,27,strikeout,143,121,,,,,,,1,0,0,93.6,FF,4-Seam Fastball,1,0,0,0,0,0,1,0,"<a href=""/sporty-videos?playId=60e564ac-3038-4886-82ff-6f9ccd2bf31d"" target=""_blank""><img src=""/site-core/images/video.png"" class=""video"" /></a>",Strikeout,Drew Gagnon,543193,1
109,567069,972ba539-c709-4362-874a-b159a3b8f073,"Altherr, Aaron",2019-04-16,26,field_out,143,121,77.0,-15,6,Pull,0,0.051,1,0,1,91.8,FF,4-Seam Fastball,1,0,0,0,0,0,0,0,"<a href=""/sporty-videos?playId=972ba539-c709-4362-874a-b159a3b8f073"" target=""_blank""><img src=""/site-core/images/video.png"" class=""video"" /></a>",Field Out,Drew Gagnon,543193,1
110,567069,f1054466-d524-4cfb-962d-76d0f8122e29,"Hernandez, Cesar",2019-04-16,25,field_out,143,121,93.1,21,322,Straightaway,0,0.16,1,0,1,91.0,FF,4-Seam Fastball,1,0,0,0,0,0,0,0,"<a href=""/sporty-videos?playId=f1054466-d524-4cfb-962d-76d0f8122e29"" target=""_blank""><img src=""/site-core/images/video.png"" class=""video"" /></a>",Field Out,Drew Gagnon,543193,1
111,567069,accce581-ada5-4a08-ad4a-3209164aa643,"Kingery, Scott",2019-04-16,18,field_out,143,121,57.5,7,58,Straightaway,0,0.153,1,0,1,78.8,CU,Curveball,1,0,0,0,0,0,0,0,"<a href=""/sporty-videos?playId=accce581-ada5-4a08-ad4a-3209164aa643"" target=""_blank""><img src=""/site-core/images/video.png"" class=""video"" /></a>",Field Out,Drew Gagnon,543193,1
112,567069,60185b69-c864-4040-bc25-e29200822ced,"Realmuto, J.T.",2019-04-16,17,double,143,121,108.1,19,348,Pull,1,0.853,1,1,1,81.2,CU,Curveball,1,1,0,1,0,0,0,0,"<a href=""/sporty-videos?playId=60185b69-c864-4040-bc25-e29200822ced"" target=""_blank""><img src=""/site-core/images/video.png"" class=""video"" /></a>",Double,Drew Gagnon,543193,1
113,567069,6148a5d6-3b6e-4401-ac66-e155b1895cdd,"Harper, Bryce",2019-04-16,16,walk,143,121,,,,,,,0,0,0,80.4,CU,Curveball,0,0,0,0,0,0,0,1,"<a href=""/sporty-videos?playId=6148a5d6-3b6e-4401-ac66-e155b1895cdd"" target=""_blank""><img src=""/site-core/images/video.png"" class=""video"" /></a>",Walk,Drew Gagnon,543193,1
114,567069,e34f3036-7766-4b1d-8def-9e2b8c2498f4,"Segura, Jean",2019-04-16,15,field_out,143,121,74.8,-40,3,Pull,0,0.033,1,0,1,92.1,FF,4-Seam Fastball,1,0,0,0,0,0,0,0,"<a href=""/sporty-videos?playId=e34f3036-7766-4b1d-8def-9e2b8c2498f4"" target=""_blank""><img src=""/site-core/images/video.png"" class=""video"" /></a>",Field Out,Drew Gagnon,543193,1
115,567069,0b46dce1-5950-47b1-bda0-33600bc0c271,"McCutchen, Andrew",2019-04-16,14,double,143,121,90.2,-13,,Pull,0,0.214,1,0,1,91.4,FF,4-Seam Fastball,1,1,0,1,0,0,0,0,"<a href=""/sporty-videos?playId=0b46dce1-5950-47b1-bda0-33600bc0c271"" target=""_blank""><img src=""/site-core/images/video.png"" class=""video"" /></a>",Double,Drew Gagnon,543193,1
116,567069,9dd12146-5c88-4ba0-8019-6473c0974b86,"Pivetta, Nick",2019-04-16,13,strikeout,143,121,,,,,,,1,0,0,92.4,FF,4-Seam Fastball,1,0,0,0,0,0,1,0,"<a href=""/sporty-videos?playId=9dd12146-5c88-4ba0-8019-6473c0974b86"" target=""_blank""><img src=""/site-core/images/video.png"" class=""video"" /></a>",Strikeout,Drew Gagnon,543193,1
