,game_pk,play_id,opponent_name,gd,ab_num,event,bat_team_id,fld_team_id,ev,la,dist,pull,brl,xban,xbad,hh,bip,v,pt,pn,ab,hit,is_1b,is_2b,is_3b,is_hr,so,bb,video,eventPretty,player_name,player_id,primaryPosition.code
0,564811,457327f6-f29a-4f49-b1e5-5c6481f1e4a9,"Straw, Myles",2019-09-26,38,field_out,117,108,74.6,44,237,Opposite,0,0.147,1,0,1,83.8,SL,Slider,1,0,0,0,0,0,0,0,"<a href=""/sporty-videos?playId=457327f6-f29a-4f49-b1e5-5c6481f1e4a9"" target=""_blank""><img src=""/site-core/images/video.png"" class=""video"" /></a>",Field Out,Jaime Barria,642545,1
1,564811,06cf8ffe-ba25-4aee-a8dc-fdb722ff3d5c,"Mayfield, Jack",2019-09-26,37,home_run,117,108,100.8,28,388,Pull,1,0.747,1,1,1,91.9,FF,4-Seam Fastball,1,1,0,0,0,1,0,0,"<a href=""/sporty-videos?playId=06cf8ffe-ba25-4aee-a8dc-fdb722ff3d5c"" target=""_blank""><img src=""/site-core/images/video.png"" class=""video"" /></a>",Home Run,Jaime Barria,642545,1
2,564811,09a57a30-d392-438d-bb53-9441e9ee4614,"Maldonado, Martin",2019-09-26,36,walk,117,108,,,,,,,0,0,0,91.0,FF,4-Seam Fastball,0,0,0,0,0,0,0,1,"<a href=""/sporty-videos?playId=09a57a30-d392-438d-bb53-9441e9ee4614"" target=""_blank""><img src=""/site-core/images/video.png"" class=""video"" /></a>",Walk,Jaime Barria,642545,1
3,564811,77bb664c-a18a-41f4-8a38-823fd9ce7cc3,"Toro, Abraham",2019-09-26,32,strikeout,117,108,,,,,,,1,0,0,83.4,SL,Slider,1,0,0,0,0,0,1,0,"<a href=""/sporty-videos?playId=77bb664c-a18a-41f4-8a38-823fd9ce7cc3"" target=""_blank""><img src=""/site-core/images/video.png"" class=""video"" /></a>",Strikeout,Jaime Barria,642545,1
4,564811,817a7701-6975-47f3-8ce6-15670db34174,"Reddick, Josh",2019-09-26,31,single,117,108,91.3,16,238,Pull,0,0.807,1,0,1,83.9,SL,Slider,1,1,1,0,0,0,0,0,"<a href=""/sporty-videos?playId=817a7701-6975-47f3-8ce6-15670db34174"" target=""_blank""><img src=""/site-core/images/video.png"" class=""video"" /></a>",Single,Jaime Barria,642545,1
5,564811,527f85cc-36a4-418f-bdff-e6623ba4c65b,"Diaz, Aledmys",2019-09-26,30,field_out,117,108,97.9,-11,12,Pull,0,0.285,1,1,1,85.4,SL,Slider,1,0,0,0,0,0,0,0,"<a href=""/sporty-videos?playId=527f85cc-36a4-418f-bdff-e6623ba4c65b"" target=""_blank""><img src=""/site-core/images/video.png"" class=""video"" /></a>",Field Out,Jaime Barria,642545,1
6,564811,6382002c-683d-4cdb-a272-2dcb9cf033d9,"Tucker, Kyle",2019-09-26,29,home_run,117,108,100.4,35,383,Pull,0,0.393,1,1,1,81.9,CH,Changeup,1,1,0,0,0,1,0,0,"<a href=""/sporty-videos?playId=6382002c-683d-4cdb-a272-2dcb9cf033d9"" target=""_blank""><img src=""/site-core/images/video.png"" class=""video"" /></a>",Home Run,Jaime Barria,642545,1
7,564811,37727607-5da4-4d01-8fbc-af6e928e02ae,"Bregman, Alex",2019-09-26,28,field_out,117,108,91.2,9,162,Pull,0,0.6,1,0,1,86.8,SL,Slider,1,0,0,0,0,0,0,0,"<a href=""/sporty-videos?playId=37727607-5da4-4d01-8fbc-af6e928e02ae"" target=""_blank""><img src=""/site-core/images/video.png"" class=""video"" /></a>",Field Out,Jaime Barria,642545,1
8,564811,50ed067a-e9de-4507-84c6-6660c220867c,"Brantley Jr., Michael",2019-09-26,23,field_out,117,108,102.1,-4,25,Pull,0,0.281,1,1,1,84.1,CH,Changeup,1,0,0,0,0,0,0,0,"<a href=""/sporty-videos?playId=50ed067a-e9de-4507-84c6-6660c220867c"" target=""_blank""><img src=""/site-core/images/video.png"" class=""video"" /></a>",Field Out,Jaime Barria,642545,1
9,564811,cca8a718-0b0c-4edf-a618-963b0fe286cb,"Straw, Myles",2019-09-26,22,single,117,108,90.3,-17,,Opposite,0,0.178,1,0,1,85.5,SL,Slider,1,1,1,0,0,0,0,0,"<a href=""/sporty-videos?playId=cca8a718-0b0c-4edf-a618-963b0fe286cb"" target=""_blank""><img src=""/site-core/images/video.png"" class=""video"" /></a>",Single,Jaime Barria,642545,1
10,564811,ed3c35a4-d1ce-499f-b2a7-ed9f1063f80e,"Mayfield, Jack",2019-09-26,21,field_out,117,108,96.7,25,376,Straightaway,0,0.413,1,1,1,85.9,SL,Slider,1,0,0,0,0,0,0,0,"<a href=""/sporty-videos?playId=ed3c35a4-d1ce-499f-b2a7-ed9f1063f80e"" target=""_blank""><img src=""/site-core/images/video.png"" class=""video"" /></a>",Field Out,Jaime Barria,642545,1
11,564811,2addddad-5498-414b-82bc-f2d5aa7bd073,"Maldonado, Martin",2019-09-26,20,strikeout,117,108,,,,,,,1,0,0,83.0,CH,Changeup,1,0,0,0,0,0,1,0,"<a href=""/sporty-videos?playId=2addddad-5498-414b-82bc-f2d5aa7bd073"" target=""_blank""><img src=""/site-core/images/video.png"" class=""video"" /></a>",Strikeout,Jaime Barria,642545,1
12,564811,0a5667de-fa4e-4285-81bf-88de41f04be2,"Toro, Abraham",2019-09-26,13,field_out,117,108,89.2,31,305,Opposite,0,0.067,1,0,1,85.5,SL,Slider,1,0,0,0,0,0,0,0,"<a href=""/sporty-videos?playId=0a5667de-fa4e-4285-81bf-88de41f04be2"" target=""_blank""><img src=""/site-core/images/video.png"" class=""video"" /></a>",Field Out,Jaime Barria,642545,1
13,564811,b4f7bf11-a862-4aab-8a61-e710af314015,"Reddick, Josh",2019-09-26,12,strikeout,117,108,,,,,,,1,0,0,83.9,SL,Slider,1,0,0,0,0,0,1,0,"<a href=""/sporty-videos?playId=b4f7bf11-a862-4aab-8a61-e710af314015"" target=""_blank""><img src=""/site-core/images/video.png"" class=""video"" /></a>",Strikeout,Jaime Barria,642545,1
14,564811,ca085f9c-302b-49ac-8598-b64271faef02,"Diaz, Aledmys",2019-09-26,11,walk,117,108,,,,,,,0,0,0,86.0,SL,Slider,0,0,0,0,0,0,0,1,"<a href=""/sporty-videos?playId=ca085f9c-302b-49ac-8598-b64271faef02"" target=""_blank""><img src=""/site-core/images/video.png"" class=""video"" /></a>",Walk,Jaime Barria,642545,1
15,564811,62b134ca-df24-45a9-8c02-bfa92580c1f9,"Tucker, Kyle",2019-09-26,10,strikeout,117,108,,,,,,,1,0,0,84.2,SL,Slider,1,0,0,0,0,0,1,0,"<a href=""/sporty-videos?playId=62b134ca-df24-45a9-8c02-bfa92580c1f9"" target=""_blank""><img src=""/site-core/images/video.png"" class=""video"" /></a>",Strikeout,Jaime Barria,642545,1
16,564811,cbd2d9bf-cff7-4f27-9bbb-d20879be43d3,"Bregman, Alex",2019-09-26,3,field_out,117,108,101.8,-12,7,Straightaway,0,0.32,1,1,1,84.3,CH,Changeup,1,0,0,0,0,0,0,0,"<a href=""/sporty-videos?playId=cbd2d9bf-cff7-4f27-9bbb-d20879be43d3"" target=""_blank""><img src=""/site-core/images/video.png"" class=""video"" /></a>",Field Out,Jaime Barria,642545,1
17,564811,e9220d24-5217-4672-ab98-96210c492b70,"Brantley Jr., Michael",2019-09-26,2,field_out,117,108,82.9,-21,,Pull,0,0.062,1,0,1,84.9,SL,Slider,1,0,0,0,0,0,0,0,"<a href=""/sporty-videos?playId=e9220d24-5217-4672-ab98-96210c492b70"" target=""_blank""><img src=""/site-core/images/video.png"" class=""video"" /></a>",Field Out,Jaime Barria,642545,1
18,564811,51d1b2db-5c81-4c4a-be80-6a050c53748d,"Straw, Myles",2019-09-26,1,field_out,117,108,80.5,61,184,Opposite,0,0.0,1,0,1,91.3,FF,4-Seam Fastball,1,0,0,0,0,0,0,0,"<a href=""/sporty-videos?playId=51d1b2db-5c81-4c4a-be80-6a050c53748d"" target=""_blank""><img src=""/site-core/images/video.png"" class=""video"" /></a>",Field Out,Jaime Barria,642545,1
19,565684,2a97f1ed-924e-44dd-a076-8b011209b919,"Chirinos, Robinson",2019-09-20,28,hit_by_pitch,117,108,,,,,,,0,0,0,91.2,FF,4-Seam Fastball,0,0,0,0,0,0,0,0,"<a href=""/sporty-videos?playId=2a97f1ed-924e-44dd-a076-8b011209b919"" target=""_blank""><img src=""/site-core/images/video.png"" class=""video"" /></a>",Hit By Pitch,Jaime Barria,642545,1
20,565684,e4dc32d9-595e-4aba-b3e3-4141673ab5e0,"Reddick, Josh",2019-09-20,27,field_out,117,108,80.0,69,,Straightaway,0,0.0,1,0,1,82.7,CH,Changeup,1,0,0,0,0,0,0,0,"<a href=""/sporty-videos?playId=e4dc32d9-595e-4aba-b3e3-4141673ab5e0"" target=""_blank""><img src=""/site-core/images/video.png"" class=""video"" /></a>",Field Out,Jaime Barria,642545,1
21,565684,bc430476-5ae0-4962-a5ed-e76e64324d47,"Diaz, Aledmys",2019-09-20,26,single,117,108,102.2,10,249,Straightaway,0,0.833,1,1,1,85.6,SL,Slider,1,1,1,0,0,0,0,0,"<a href=""/sporty-videos?playId=bc430476-5ae0-4962-a5ed-e76e64324d47"" target=""_blank""><img src=""/site-core/images/video.png"" class=""video"" /></a>",Single,Jaime Barria,642545,1
22,565684,ed6ce37b-1d4a-4798-9207-1e214aeb7ccc,"Correa, Carlos",2019-09-20,25,home_run,117,108,101.5,29,393,Pull,1,0.813,1,1,1,84.9,SL,Slider,1,1,0,0,0,1,0,0,"<a href=""/sporty-videos?playId=ed6ce37b-1d4a-4798-9207-1e214aeb7ccc"" target=""_blank""><img src=""/site-core/images/video.png"" class=""video"" /></a>",Home Run,Jaime Barria,642545,1
23,565684,4d58aa1b-c91f-4e93-b760-e3b72723cf51,"Alvarez, Yordan",2019-09-20,24,field_out,117,108,48.8,-63,2,Pull,0,0.205,1,0,1,90.1,FF,4-Seam Fastball,1,0,0,0,0,0,0,0,"<a href=""/sporty-videos?playId=4d58aa1b-c91f-4e93-b760-e3b72723cf51"" target=""_blank""><img src=""/site-core/images/video.png"" class=""video"" /></a>",Field Out,Jaime Barria,642545,1
24,565684,a0d829d7-bf12-4116-b1ff-97a627c5babc,"Bregman, Alex",2019-09-20,18,field_out,117,108,94.5,39,329,Pull,0,0.06,1,0,1,85.6,CH,Changeup,1,0,0,0,0,0,0,0,"<a href=""/sporty-videos?playId=a0d829d7-bf12-4116-b1ff-97a627c5babc"" target=""_blank""><img src=""/site-core/images/video.png"" class=""video"" /></a>",Field Out,Jaime Barria,642545,1
25,565684,70f9ac77-0e3a-4843-bfbe-6507281eb0fe,"Brantley Jr., Michael",2019-09-20,17,field_out,117,108,81.5,8,120,Pull,0,0.353,1,0,1,90.9,FF,4-Seam Fastball,1,0,0,0,0,0,0,0,"<a href=""/sporty-videos?playId=70f9ac77-0e3a-4843-bfbe-6507281eb0fe"" target=""_blank""><img src=""/site-core/images/video.png"" class=""video"" /></a>",Field Out,Jaime Barria,642545,1
26,565684,55c9e5a6-c3cb-4dee-bdb4-bafb33e3000a,"Altuve, Jose",2019-09-20,16,field_out,117,108,90.2,31,353,Straightaway,0,0.08,1,0,1,90.7,FF,4-Seam Fastball,1,0,0,0,0,0,0,0,"<a href=""/sporty-videos?playId=55c9e5a6-c3cb-4dee-bdb4-bafb33e3000a"" target=""_blank""><img src=""/site-core/images/video.png"" class=""video"" /></a>",Field Out,Jaime Barria,642545,1
27,565684,6839c9d4-4e88-4f36-89e4-5c536559fe5c,"Marisnick, Jake",2019-09-20,12,field_out,117,108,91.3,53,252,Straightaway,0,0.007,1,0,1,85.3,SL,Slider,1,0,0,0,0,0,0,0,"<a href=""/sporty-videos?playId=6839c9d4-4e88-4f36-89e4-5c536559fe5c"" target=""_blank""><img src=""/site-core/images/video.png"" class=""video"" /></a>",Field Out,Jaime Barria,642545,1
28,565684,ec90417b-7f91-482f-af7f-4cf46089ed78,"Chirinos, Robinson",2019-09-20,11,strikeout,117,108,,,,,,,1,0,0,92.3,FF,4-Seam Fastball,1,0,0,0,0,0,1,0,"<a href=""/sporty-videos?playId=ec90417b-7f91-482f-af7f-4cf46089ed78"" target=""_blank""><img src=""/site-core/images/video.png"" class=""video"" /></a>",Strikeout,Jaime Barria,642545,1
29,565684,9e63b489-5ee3-4128-88a2-a076078de0d3,"Reddick, Josh",2019-09-20,10,single,117,108,100.3,14,299,Straightaway,0,0.84,1,1,1,91.4,FF,4-Seam Fastball,1,1,1,0,0,0,0,0,"<a href=""/sporty-videos?playId=9e63b489-5ee3-4128-88a2-a076078de0d3"" target=""_blank""><img src=""/site-core/images/video.png"" class=""video"" /></a>",Single,Jaime Barria,642545,1
30,565684,000d29f2-82c1-4dbc-bb15-1b3214ad285b,"Diaz, Aledmys",2019-09-20,9,double,117,108,99.4,35,372,Pull,0,0.333,1,1,1,91.2,FF,4-Seam Fastball,1,1,0,1,0,0,0,0,"<a href=""/sporty-videos?playId=000d29f2-82c1-4dbc-bb15-1b3214ad285b"" target=""_blank""><img src=""/site-core/images/video.png"" class=""video"" /></a>",Double,Jaime Barria,642545,1
31,565684,bd41d240-8282-4022-8180-77ff95512180,"Correa, Carlos",2019-09-20,8,home_run,117,108,99.9,27,407,Straightaway,1,0.773,1,1,1,83.5,CH,Changeup,1,1,0,0,0,1,0,0,"<a href=""/sporty-videos?playId=bd41d240-8282-4022-8180-77ff95512180"" target=""_blank""><img src=""/site-core/images/video.png"" class=""video"" /></a>",Home Run,Jaime Barria,642545,1
32,565684,c7cb316f-aac6-497a-b9aa-e60ce9487234,"Alvarez, Yordan",2019-09-20,7,single,117,108,76.6,7,78,Straightaway,0,0.29,1,0,1,81.0,CH,Changeup,1,1,1,0,0,0,0,0,"<a href=""/sporty-videos?playId=c7cb316f-aac6-497a-b9aa-e60ce9487234"" target=""_blank""><img src=""/site-core/images/video.png"" class=""video"" /></a>",Single,Jaime Barria,642545,1
33,565684,2816c87c-811c-4b75-9341-60918780415a,"Bregman, Alex",2019-09-20,6,home_run,117,108,99.0,32,387,Pull,0,0.44,1,1,1,85.4,SL,Slider,1,1,0,0,0,1,0,0,"<a href=""/sporty-videos?playId=2816c87c-811c-4b75-9341-60918780415a"" target=""_blank""><img src=""/site-core/images/video.png"" class=""video"" /></a>",Home Run,Jaime Barria,642545,1
34,565684,b23fa53c-3f3d-465a-831e-51550de6a051,"Brantley Jr., Michael",2019-09-20,5,field_out,117,108,94.0,42,322,Straightaway,0,0.02,1,0,1,82.7,SL,Slider,1,0,0,0,0,0,0,0,"<a href=""/sporty-videos?playId=b23fa53c-3f3d-465a-831e-51550de6a051"" target=""_blank""><img src=""/site-core/images/video.png"" class=""video"" /></a>",Field Out,Jaime Barria,642545,1
35,565684,7c0bb3a9-75b7-455a-b7d9-cb00c77a1bd5,"Altuve, Jose",2019-09-20,4,home_run,117,108,98.4,29,388,Pull,1,0.44,1,1,1,83.5,SL,Slider,1,1,0,0,0,1,0,0,"<a href=""/sporty-videos?playId=7c0bb3a9-75b7-455a-b7d9-cb00c77a1bd5"" target=""_blank""><img src=""/site-core/images/video.png"" class=""video"" /></a>",Home Run,Jaime Barria,642545,1
36,564807,e638ba8b-14d6-406a-a74a-6e750f111d09,"Meadows, Austin",2019-09-14,40,walk,139,108,,,,,,,0,0,0,85.5,SL,Slider,0,0,0,0,0,0,0,1,"<a href=""/sporty-videos?playId=e638ba8b-14d6-406a-a74a-6e750f111d09"" target=""_blank""><img src=""/site-core/images/video.png"" class=""video"" /></a>",Walk,Jaime Barria,642545,1
37,564807,8230b5af-82b5-4be0-a5fc-ed47cc5051bc,"Wendle, Joey",2019-09-14,39,single,139,108,93.1,10,181,Opposite,0,0.653,1,0,1,91.8,FF,4-Seam Fastball,1,1,1,0,0,0,0,0,"<a href=""/sporty-videos?playId=8230b5af-82b5-4be0-a5fc-ed47cc5051bc"" target=""_blank""><img src=""/site-core/images/video.png"" class=""video"" /></a>",Single,Jaime Barria,642545,1
38,564807,8342b5e2-4c02-4410-91a4-b218abe25c5d,"Adames, Willy",2019-09-14,38,field_out,139,108,93.5,41,332,Pull,0,0.027,1,0,1,85.2,SL,Slider,1,0,0,0,0,0,0,0,"<a href=""/sporty-videos?playId=8342b5e2-4c02-4410-91a4-b218abe25c5d"" target=""_blank""><img src=""/site-core/images/video.png"" class=""video"" /></a>",Field Out,Jaime Barria,642545,1
39,564807,5ad83de2-bb56-4d3c-a681-bd6f60ce8e05,"Kiermaier, Kevin",2019-09-14,33,field_out,139,108,86.3,49,251,Opposite,0,0.007,1,0,1,84.4,SL,Slider,1,0,0,0,0,0,0,0,"<a href=""/sporty-videos?playId=5ad83de2-bb56-4d3c-a681-bd6f60ce8e05"" target=""_blank""><img src=""/site-core/images/video.png"" class=""video"" /></a>",Field Out,Jaime Barria,642545,1
40,564807,ab6616bc-a790-4423-aa03-1902635b77f2,"Sogard, Eric",2019-09-14,32,grounded_into_double_play,139,108,93.2,2,64,Straightaway,0,0.275,1,0,1,85.8,SL,Slider,1,0,0,0,0,0,0,0,"<a href=""/sporty-videos?playId=ab6616bc-a790-4423-aa03-1902635b77f2"" target=""_blank""><img src=""/site-core/images/video.png"" class=""video"" /></a>",Grounded Into Double Play,Jaime Barria,642545,1
41,564807,b8d7164f-cdb7-4fd4-9afa-22d74d84e12e,"Lowe, Nate",2019-09-14,31,single,139,108,103.8,3,89,Straightaway,0,0.533,1,1,1,81.7,SL,Slider,1,1,1,0,0,0,0,0,"<a href=""/sporty-videos?playId=b8d7164f-cdb7-4fd4-9afa-22d74d84e12e"" target=""_blank""><img src=""/site-core/images/video.png"" class=""video"" /></a>",Single,Jaime Barria,642545,1
42,564807,5e8bebad-360f-4ef0-bc71-5784ebf79376,"d'Arnaud, Travis",2019-09-14,26,strikeout,139,108,,,,,,,1,0,0,80.3,SL,Slider,1,0,0,0,0,0,1,0,"<a href=""/sporty-videos?playId=5e8bebad-360f-4ef0-bc71-5784ebf79376"" target=""_blank""><img src=""/site-core/images/video.png"" class=""video"" /></a>",Strikeout,Jaime Barria,642545,1
43,564807,e3b5e952-9c69-4f6c-a450-e4f5461bf4d0,"Choi, Ji-Man",2019-09-14,25,field_out,139,108,102.4,18,364,Straightaway,0,0.54,1,1,1,92.4,FF,4-Seam Fastball,1,0,0,0,0,0,0,0,"<a href=""/sporty-videos?playId=e3b5e952-9c69-4f6c-a450-e4f5461bf4d0"" target=""_blank""><img src=""/site-core/images/video.png"" class=""video"" /></a>",Field Out,Jaime Barria,642545,1
44,564807,341acfd6-4412-41d5-a4f7-879d25598769,"Pham, Tommy",2019-09-14,24,field_out,139,108,77.1,42,250,Opposite,0,0.047,1,0,1,86.0,SL,Slider,1,0,0,0,0,0,0,0,"<a href=""/sporty-videos?playId=341acfd6-4412-41d5-a4f7-879d25598769"" target=""_blank""><img src=""/site-core/images/video.png"" class=""video"" /></a>",Field Out,Jaime Barria,642545,1
45,564807,c802ba41-6c2c-49c9-99df-251caefcaf33,"Meadows, Austin",2019-09-14,19,field_out,139,108,80.1,-7,13,Pull,0,0.124,1,0,1,86.5,SL,Slider,1,0,0,0,0,0,0,0,"<a href=""/sporty-videos?playId=c802ba41-6c2c-49c9-99df-251caefcaf33"" target=""_blank""><img src=""/site-core/images/video.png"" class=""video"" /></a>",Field Out,Jaime Barria,642545,1
46,564807,4141cca6-45e0-481e-a9e6-e12af1e5b2c4,"Wendle, Joey",2019-09-14,18,field_out,139,108,84.7,53,245,Opposite,0,0.02,1,0,1,85.3,SL,Slider,1,0,0,0,0,0,0,0,"<a href=""/sporty-videos?playId=4141cca6-45e0-481e-a9e6-e12af1e5b2c4"" target=""_blank""><img src=""/site-core/images/video.png"" class=""video"" /></a>",Field Out,Jaime Barria,642545,1
47,564807,177dd1a0-202b-4314-bc7a-9eeaeca5193f,"Adames, Willy",2019-09-14,17,walk,139,108,,,,,,,0,0,0,85.2,SL,Slider,0,0,0,0,0,0,0,1,"<a href=""/sporty-videos?playId=177dd1a0-202b-4314-bc7a-9eeaeca5193f"" target=""_blank""><img src=""/site-core/images/video.png"" class=""video"" /></a>",Walk,Jaime Barria,642545,1
48,564807,9f9927ab-b3ad-4628-9890-32eedf556036,"Kiermaier, Kevin",2019-09-14,16,field_out,139,108,105.2,3,93,Pull,0,0.56,1,1,1,82.4,SL,Slider,1,0,0,0,0,0,0,0,"<a href=""/sporty-videos?playId=9f9927ab-b3ad-4628-9890-32eedf556036"" target=""_blank""><img src=""/site-core/images/video.png"" class=""video"" /></a>",Field Out,Jaime Barria,642545,1
49,564807,1f76ba43-5402-40a7-8fc1-41d94c2b9b04,"Sogard, Eric",2019-09-14,11,strikeout,139,108,,,,,,,1,0,0,83.6,CH,Changeup,1,0,0,0,0,0,1,0,"<a href=""/sporty-videos?playId=1f76ba43-5402-40a7-8fc1-41d94c2b9b04"" target=""_blank""><img src=""/site-core/images/video.png"" class=""video"" /></a>",Strikeout,Jaime Barria,642545,1
50,564807,dec17c26-49c2-4d4d-9c7b-9a0daf9e6c6b,"Lowe, Nate",2019-09-14,10,force_out,139,108,82.9,-21,,Pull,0,0.069,1,0,1,84.1,SL,Slider,1,0,0,0,0,0,0,0,"<a href=""/sporty-videos?playId=dec17c26-49c2-4d4d-9c7b-9a0daf9e6c6b"" target=""_blank""><img src=""/site-core/images/video.png"" class=""video"" /></a>",Force Out,Jaime Barria,642545,1
51,564807,5930c933-7160-4003-9c37-6dc1567e71f1,"d'Arnaud, Travis",2019-09-14,9,single,139,108,94.9,16,233,Pull,0,0.707,1,0,1,83.7,CH,Changeup,1,1,1,0,0,0,0,0,"<a href=""/sporty-videos?playId=5930c933-7160-4003-9c37-6dc1567e71f1"" target=""_blank""><img src=""/site-core/images/video.png"" class=""video"" /></a>",Single,Jaime Barria,642545,1
52,564807,cfb0683c-ad77-4f32-a5c5-71ed25b0949a,"Choi, Ji-Man",2019-09-14,8,strikeout,139,108,,,,,,,1,0,0,91.6,FF,4-Seam Fastball,1,0,0,0,0,0,1,0,"<a href=""/sporty-videos?playId=cfb0683c-ad77-4f32-a5c5-71ed25b0949a"" target=""_blank""><img src=""/site-core/images/video.png"" class=""video"" /></a>",Strikeout,Jaime Barria,642545,1
53,564807,9ab8bfb5-44eb-4fed-b62d-7bc32535d2c1,"Pham, Tommy",2019-09-14,3,strikeout,139,108,,,,,,,1,0,0,83.9,SL,Slider,1,0,0,0,0,0,1,0,"<a href=""/sporty-videos?playId=9ab8bfb5-44eb-4fed-b62d-7bc32535d2c1"" target=""_blank""><img src=""/site-core/images/video.png"" class=""video"" /></a>",Strikeout,Jaime Barria,642545,1
54,564807,e6a36438-bc53-4166-99c1-ccd1a8f5650d,"Meadows, Austin",2019-09-14,2,field_out,139,108,76.9,31,277,Pull,0,0.08,1,0,1,81.2,SL,Slider,1,0,0,0,0,0,0,0,"<a href=""/sporty-videos?playId=e6a36438-bc53-4166-99c1-ccd1a8f5650d"" target=""_blank""><img src=""/site-core/images/video.png"" class=""video"" /></a>",Field Out,Jaime Barria,642545,1
55,564807,ae735334-5c94-415a-b155-788ed8b2085e,"Wendle, Joey",2019-09-14,1,field_out,139,108,79.7,28,294,Pull,0,0.133,1,0,1,79.9,CH,Changeup,1,0,0,0,0,0,0,0,"<a href=""/sporty-videos?playId=ae735334-5c94-415a-b155-788ed8b2085e"" target=""_blank""><img src=""/site-core/images/video.png"" class=""video"" /></a>",Field Out,Jaime Barria,642545,1
56,567334,27d28722-615d-4811-b729-8f0e3378320a,"McCann, James",2019-09-08,46,field_out,145,108,63.1,80,69,Opposite,0,0.0,1,0,1,86.2,SL,Slider,1,0,0,0,0,0,0,0,"<a href=""/sporty-videos?playId=27d28722-615d-4811-b729-8f0e3378320a"" target=""_blank""><img src=""/site-core/images/video.png"" class=""video"" /></a>",Field Out,Jaime Barria,642545,1
57,567334,5deb1104-28d0-4b99-814f-774cb2a1a6f7,"Jimenez, Eloy",2019-09-08,45,field_out,145,108,84.0,37,311,Pull,0,0.033,1,0,1,85.4,SL,Slider,1,0,0,0,0,0,0,0,"<a href=""/sporty-videos?playId=5deb1104-28d0-4b99-814f-774cb2a1a6f7"" target=""_blank""><img src=""/site-core/images/video.png"" class=""video"" /></a>",Field Out,Jaime Barria,642545,1
58,567334,bb1c7150-426c-4211-aad9-c78fd866a8db,"Abreu, Jose",2019-09-08,44,walk,145,108,,,,,,,0,0,0,85.4,SL,Slider,0,0,0,0,0,0,0,1,"<a href=""/sporty-videos?playId=bb1c7150-426c-4211-aad9-c78fd866a8db"" target=""_blank""><img src=""/site-core/images/video.png"" class=""video"" /></a>",Walk,Jaime Barria,642545,1
59,567334,2bc7f7f9-2bfe-47db-a72d-9cd184fb1ca8,"Mendick, Danny",2019-09-08,43,home_run,145,108,99.0,21,347,Pull,0,0.393,1,1,1,83.9,SL,Slider,1,1,0,0,0,1,0,0,"<a href=""/sporty-videos?playId=2bc7f7f9-2bfe-47db-a72d-9cd184fb1ca8"" target=""_blank""><img src=""/site-core/images/video.png"" class=""video"" /></a>",Home Run,Jaime Barria,642545,1
60,567334,ee97df86-d0ca-4ef5-8453-0124954552fe,"Moncada, Yoan",2019-09-08,42,field_out,145,108,96.3,21,346,Straightaway,0,0.3,1,1,1,91.9,FF,4-Seam Fastball,1,0,0,0,0,0,0,0,"<a href=""/sporty-videos?playId=ee97df86-d0ca-4ef5-8453-0124954552fe"" target=""_blank""><img src=""/site-core/images/video.png"" class=""video"" /></a>",Field Out,Jaime Barria,642545,1
61,567334,6ef3988c-43dd-4bf6-ad98-e8cd7216a765,"Engel, Adam",2019-09-08,38,field_out,145,108,87.5,64,168,Pull,0,0.02,1,0,1,86.1,SL,Slider,1,0,0,0,0,0,0,0,"<a href=""/sporty-videos?playId=6ef3988c-43dd-4bf6-ad98-e8cd7216a765"" target=""_blank""><img src=""/site-core/images/video.png"" class=""video"" /></a>",Field Out,Jaime Barria,642545,1
62,567334,00c54942-2c9c-4083-ba18-e3327dd52465,"Sanchez, Yolmer",2019-09-08,37,force_out,145,108,99.5,4,73,Pull,0,0.56,1,1,1,84.3,CH,Changeup,1,0,0,0,0,0,0,0,"<a href=""/sporty-videos?playId=00c54942-2c9c-4083-ba18-e3327dd52465"" target=""_blank""><img src=""/site-core/images/video.png"" class=""video"" /></a>",Force Out,Jaime Barria,642545,1
63,567334,f7a0a28a-6efa-4387-b9fd-0acf47c7e845,"Goins, Ryan",2019-09-08,36,single,145,108,,,,Straightaway,0,,1,0,1,90.5,FF,4-Seam Fastball,1,1,1,0,0,0,0,0,"<a href=""/sporty-videos?playId=f7a0a28a-6efa-4387-b9fd-0acf47c7e845"" target=""_blank""><img src=""/site-core/images/video.png"" class=""video"" /></a>",Single,Jaime Barria,642545,1
64,567334,6ffe4142-a733-471f-8cdb-8fe6afcc4d8e,"Skole, Matt",2019-09-08,35,single,145,108,105.2,3,80,Pull,0,0.56,1,1,1,82.0,CH,Changeup,1,1,1,0,0,0,0,0,"<a href=""/sporty-videos?playId=6ffe4142-a733-471f-8cdb-8fe6afcc4d8e"" target=""_blank""><img src=""/site-core/images/video.png"" class=""video"" /></a>",Single,Jaime Barria,642545,1
65,567334,c706bd58-6eaa-484d-846e-13a4fa568ab7,"McCann, James",2019-09-08,34,field_out,145,108,96.5,1,52,Pull,0,0.467,1,1,1,84.2,SL,Slider,1,0,0,0,0,0,0,0,"<a href=""/sporty-videos?playId=c706bd58-6eaa-484d-846e-13a4fa568ab7"" target=""_blank""><img src=""/site-core/images/video.png"" class=""video"" /></a>",Field Out,Jaime Barria,642545,1
66,567334,1514a22f-d599-46ab-a6ea-83da1fa9d82d,"Jimenez, Eloy",2019-09-08,29,field_out,145,108,99.1,-5,18,Pull,0,0.265,1,1,1,82.8,CH,Changeup,1,0,0,0,0,0,0,0,"<a href=""/sporty-videos?playId=1514a22f-d599-46ab-a6ea-83da1fa9d82d"" target=""_blank""><img src=""/site-core/images/video.png"" class=""video"" /></a>",Field Out,Jaime Barria,642545,1
67,567334,79d7c1bf-0b6f-4afb-95c3-bae018077063,"Abreu, Jose",2019-09-08,28,home_run,145,108,112.9,28,439,Pull,1,1.0,1,1,1,86.0,CH,Changeup,1,1,0,0,0,1,0,0,"<a href=""/sporty-videos?playId=79d7c1bf-0b6f-4afb-95c3-bae018077063"" target=""_blank""><img src=""/site-core/images/video.png"" class=""video"" /></a>",Home Run,Jaime Barria,642545,1
68,567334,f6636fb1-bbcb-4d79-a9a0-3d0f4bd34f0c,"Mendick, Danny",2019-09-08,27,field_out,145,108,96.3,-6,18,Pull,0,0.288,1,1,1,82.9,CH,Changeup,1,0,0,0,0,0,0,0,"<a href=""/sporty-videos?playId=f6636fb1-bbcb-4d79-a9a0-3d0f4bd34f0c"" target=""_blank""><img src=""/site-core/images/video.png"" class=""video"" /></a>",Field Out,Jaime Barria,642545,1
69,567334,5799b17b-5742-40a8-b6a1-8c8dc1031d15,"Moncada, Yoan",2019-09-08,26,field_out,145,108,95.4,33,310,Opposite,0,0.247,1,1,1,84.7,SL,Slider,1,0,0,0,0,0,0,0,"<a href=""/sporty-videos?playId=5799b17b-5742-40a8-b6a1-8c8dc1031d15"" target=""_blank""><img src=""/site-core/images/video.png"" class=""video"" /></a>",Field Out,Jaime Barria,642545,1
70,567334,ce81056b-12e2-4a43-92ba-0e1a5ed39cca,"Engel, Adam",2019-09-08,22,strikeout,145,108,,,,,,,1,0,0,84.7,SL,Slider,1,0,0,0,0,0,1,0,"<a href=""/sporty-videos?playId=ce81056b-12e2-4a43-92ba-0e1a5ed39cca"" target=""_blank""><img src=""/site-core/images/video.png"" class=""video"" /></a>",Strikeout,Jaime Barria,642545,1
71,567334,f441d4ba-f080-4221-97c1-f969adf72492,"Sanchez, Yolmer",2019-09-08,21,field_out,145,108,94.1,-1,30,Pull,0,0.385,1,0,1,83.9,SL,Slider,1,0,0,0,0,0,0,0,"<a href=""/sporty-videos?playId=f441d4ba-f080-4221-97c1-f969adf72492"" target=""_blank""><img src=""/site-core/images/video.png"" class=""video"" /></a>",Field Out,Jaime Barria,642545,1
72,567334,d2f01fd5-8021-42ef-a144-61b3518dabf9,"Goins, Ryan",2019-09-08,20,field_out,145,108,84.2,24,310,Straightaway,0,0.213,1,0,1,92.2,FF,4-Seam Fastball,1,0,0,0,0,0,0,0,"<a href=""/sporty-videos?playId=d2f01fd5-8021-42ef-a144-61b3518dabf9"" target=""_blank""><img src=""/site-core/images/video.png"" class=""video"" /></a>",Field Out,Jaime Barria,642545,1
73,567334,c11cddff-1463-4c04-a33d-3379b4be0b79,"Skole, Matt",2019-09-08,13,strikeout,145,108,,,,,,,1,0,0,84.4,SL,Slider,1,0,0,0,0,0,1,0,"<a href=""/sporty-videos?playId=c11cddff-1463-4c04-a33d-3379b4be0b79"" target=""_blank""><img src=""/site-core/images/video.png"" class=""video"" /></a>",Strikeout,Jaime Barria,642545,1
74,566153,7f929aa2-b6f5-49c3-a92f-56353d0684aa,"Semien, Marcus",2019-09-03,35,field_out,133,108,101.4,3,75,Pull,0,0.593,1,1,1,83.3,CH,Changeup,1,0,0,0,0,0,0,0,"<a href=""/sporty-videos?playId=7f929aa2-b6f5-49c3-a92f-56353d0684aa"" target=""_blank""><img src=""/site-core/images/video.png"" class=""video"" /></a>",Field Out,Jaime Barria,642545,1
75,566153,3929cd9a-3a64-4452-8108-5d86208daba4,"Phegley, Josh",2019-09-03,34,strikeout,133,108,,,,,,,1,0,0,90.7,FF,4-Seam Fastball,1,0,0,0,0,0,1,0,"<a href=""/sporty-videos?playId=3929cd9a-3a64-4452-8108-5d86208daba4"" target=""_blank""><img src=""/site-core/images/video.png"" class=""video"" /></a>",Strikeout,Jaime Barria,642545,1
76,566153,2f28e479-dcc3-4753-b133-2f8fb374a0dd,"Profar, Jurickson",2019-09-03,33,field_out,133,108,106.6,9,166,Pull,0,0.773,1,1,1,89.9,FF,4-Seam Fastball,1,0,0,0,0,0,0,0,"<a href=""/sporty-videos?playId=2f28e479-dcc3-4753-b133-2f8fb374a0dd"" target=""_blank""><img src=""/site-core/images/video.png"" class=""video"" /></a>",Field Out,Jaime Barria,642545,1
77,566153,024b26af-a1e9-418f-b5db-a89567b21c5e,"Davis, Khris",2019-09-03,28,force_out,133,108,78.6,0,35,Pull,0,0.194,1,0,1,82.6,CH,Changeup,1,0,0,0,0,0,0,0,"<a href=""/sporty-videos?playId=024b26af-a1e9-418f-b5db-a89567b21c5e"" target=""_blank""><img src=""/site-core/images/video.png"" class=""video"" /></a>",Force Out,Jaime Barria,642545,1
78,566153,f0885d7a-12a2-4444-b072-30dd44692343,"Brown, Seth",2019-09-03,27,walk,133,108,,,,,,,0,0,0,81.8,SL,Slider,0,0,0,0,0,0,0,1,"<a href=""/sporty-videos?playId=f0885d7a-12a2-4444-b072-30dd44692343"" target=""_blank""><img src=""/site-core/images/video.png"" class=""video"" /></a>",Walk,Jaime Barria,642545,1
79,566153,87468b0b-6418-43a7-958c-054035446339,"Canha, Mark",2019-09-03,26,strikeout,133,108,,,,,,,1,0,0,84.3,CH,Changeup,1,0,0,0,0,0,1,0,"<a href=""/sporty-videos?playId=87468b0b-6418-43a7-958c-054035446339"" target=""_blank""><img src=""/site-core/images/video.png"" class=""video"" /></a>",Strikeout,Jaime Barria,642545,1
80,566153,1e990734-d110-4423-b1be-b412c6bec635,"Olson, Matt",2019-09-03,25,field_out,133,108,95.5,55,254,Straightaway,0,0.0,1,1,1,91.9,FF,4-Seam Fastball,1,0,0,0,0,0,0,0,"<a href=""/sporty-videos?playId=1e990734-d110-4423-b1be-b412c6bec635"" target=""_blank""><img src=""/site-core/images/video.png"" class=""video"" /></a>",Field Out,Jaime Barria,642545,1
81,566153,3879eda3-844a-4cbc-951a-4a4d7698a5d1,"Chapman, Matt",2019-09-03,24,home_run,133,108,106.6,27,410,Straightaway,1,0.987,1,1,1,84.3,SL,Slider,1,1,0,0,0,1,0,0,"<a href=""/sporty-videos?playId=3879eda3-844a-4cbc-951a-4a4d7698a5d1"" target=""_blank""><img src=""/site-core/images/video.png"" class=""video"" /></a>",Home Run,Jaime Barria,642545,1
82,566153,3f79f2cd-e095-40c0-ae27-7294b47e9225,"Grossman, Robbie",2019-09-03,23,fielders_choice,133,108,86.2,0,42,Straightaway,0,0.237,1,0,1,84.2,CH,Changeup,1,0,0,0,0,0,0,0,"<a href=""/sporty-videos?playId=3f79f2cd-e095-40c0-ae27-7294b47e9225"" target=""_blank""><img src=""/site-core/images/video.png"" class=""video"" /></a>",Fielders Choice,Jaime Barria,642545,1
83,566153,38c01b12-214d-44f2-8e54-6be56087c14f,"Semien, Marcus",2019-09-03,22,single,133,108,106.8,7,129,Straightaway,0,0.633,1,1,1,91.4,FF,4-Seam Fastball,1,1,1,0,0,0,0,0,"<a href=""/sporty-videos?playId=38c01b12-214d-44f2-8e54-6be56087c14f"" target=""_blank""><img src=""/site-core/images/video.png"" class=""video"" /></a>",Single,Jaime Barria,642545,1
84,566153,018ab564-1a24-4e93-a16d-68e3450c7da5,"Phegley, Josh",2019-09-03,18,strikeout,133,108,,,,,,,1,0,0,83.7,SL,Slider,1,0,0,0,0,0,1,0,"<a href=""/sporty-videos?playId=018ab564-1a24-4e93-a16d-68e3450c7da5"" target=""_blank""><img src=""/site-core/images/video.png"" class=""video"" /></a>",Strikeout,Jaime Barria,642545,1
85,566153,91a11722-dd42-4e63-8ef4-092746d738c2,"Profar, Jurickson",2019-09-03,17,walk,133,108,,,,,,,0,0,0,84.2,SL,Slider,0,0,0,0,0,0,0,1,"<a href=""/sporty-videos?playId=91a11722-dd42-4e63-8ef4-092746d738c2"" target=""_blank""><img src=""/site-core/images/video.png"" class=""video"" /></a>",Walk,Jaime Barria,642545,1
86,566153,3be2c9f5-d880-406f-8fd2-f6454fe8f1b4,"Davis, Khris",2019-09-03,16,field_out,133,108,89.3,-11,8,Pull,0,0.147,1,0,1,84.3,SL,Slider,1,0,0,0,0,0,0,0,"<a href=""/sporty-videos?playId=3be2c9f5-d880-406f-8fd2-f6454fe8f1b4"" target=""_blank""><img src=""/site-core/images/video.png"" class=""video"" /></a>",Field Out,Jaime Barria,642545,1
87,566153,6fd965eb-5143-4471-be54-b81148726b01,"Brown, Seth",2019-09-03,15,triple,133,108,97.1,22,354,Pull,0,0.3,1,1,1,90.6,FF,4-Seam Fastball,1,1,0,0,1,0,0,0,"<a href=""/sporty-videos?playId=6fd965eb-5143-4471-be54-b81148726b01"" target=""_blank""><img src=""/site-core/images/video.png"" class=""video"" /></a>",Triple,Jaime Barria,642545,1
88,566153,84f69ddb-b081-44ce-a210-c93572a14036,"Canha, Mark",2019-09-03,14,field_out,133,108,81.1,-4,19,Pull,0,0.147,1,0,1,84.2,SL,Slider,1,0,0,0,0,0,0,0,"<a href=""/sporty-videos?playId=84f69ddb-b081-44ce-a210-c93572a14036"" target=""_blank""><img src=""/site-core/images/video.png"" class=""video"" /></a>",Field Out,Jaime Barria,642545,1
89,566153,885c2877-3807-43cb-8f92-5489f7d3970f,"Olson, Matt",2019-09-03,13,double,133,108,107.0,10,204,Pull,0,0.913,1,1,1,82.5,SL,Slider,1,1,0,1,0,0,0,0,"<a href=""/sporty-videos?playId=885c2877-3807-43cb-8f92-5489f7d3970f"" target=""_blank""><img src=""/site-core/images/video.png"" class=""video"" /></a>",Double,Jaime Barria,642545,1
90,566153,0af3b4ec-e074-4a84-b65d-e32a22992eb3,"Chapman, Matt",2019-09-03,7,strikeout,133,108,,,,,,,1,0,0,84.8,SL,Slider,1,0,0,0,0,0,1,0,"<a href=""/sporty-videos?playId=0af3b4ec-e074-4a84-b65d-e32a22992eb3"" target=""_blank""><img src=""/site-core/images/video.png"" class=""video"" /></a>",Strikeout,Jaime Barria,642545,1
91,566153,d9c5a1db-b918-4e62-80cd-6f51dadd6915,"Grossman, Robbie",2019-09-03,6,strikeout,133,108,,,,,,,1,0,0,83.5,SL,Slider,1,0,0,0,0,0,1,0,"<a href=""/sporty-videos?playId=d9c5a1db-b918-4e62-80cd-6f51dadd6915"" target=""_blank""><img src=""/site-core/images/video.png"" class=""video"" /></a>",Strikeout,Jaime Barria,642545,1
92,566153,32ec5f18-e7c5-42fe-8712-65677832ab45,"Semien, Marcus",2019-09-03,5,field_out,133,108,90.3,32,312,Opposite,0,0.1,1,0,1,85.1,SL,Slider,1,0,0,0,0,0,0,0,"<a href=""/sporty-videos?playId=32ec5f18-e7c5-42fe-8712-65677832ab45"" target=""_blank""><img src=""/site-core/images/video.png"" class=""video"" /></a>",Field Out,Jaime Barria,642545,1
93,565670,f7584738-dc56-429f-b199-bda3ac02e246,"Bregman, Alex",2019-08-25,46,strikeout,117,108,,,,,,,1,0,0,83.7,SL,Slider,1,0,0,0,0,0,1,0,"<a href=""/sporty-videos?playId=f7584738-dc56-429f-b199-bda3ac02e246"" target=""_blank""><img src=""/site-core/images/video.png"" class=""video"" /></a>",Strikeout,Jaime Barria,642545,1
94,565670,d19310c2-0993-4499-b67f-14fb54cfb2f2,"Brantley Jr., Michael",2019-08-25,41,field_out,117,108,85.5,-34,4,Straightaway,0,0.046,1,0,1,85.0,CH,Changeup,1,0,0,0,0,0,0,0,"<a href=""/sporty-videos?playId=d19310c2-0993-4499-b67f-14fb54cfb2f2"" target=""_blank""><img src=""/site-core/images/video.png"" class=""video"" /></a>",Field Out,Jaime Barria,642545,1
95,565670,6ea4a78d-ac44-4143-948a-afdd4ac04b11,"Altuve, Jose",2019-08-25,40,field_out,117,108,86.9,41,299,Opposite,0,0.013,1,0,1,91.5,FF,4-Seam Fastball,1,0,0,0,0,0,0,0,"<a href=""/sporty-videos?playId=6ea4a78d-ac44-4143-948a-afdd4ac04b11"" target=""_blank""><img src=""/site-core/images/video.png"" class=""video"" /></a>",Field Out,Jaime Barria,642545,1
96,565670,1254225f-53a8-4802-a003-23e2060202c3,"Marisnick, Jake",2019-08-25,39,field_out,117,108,82.9,-21,,Opposite,0,0.085,1,0,1,80.6,CH,Changeup,1,0,0,0,0,0,0,0,"<a href=""/sporty-videos?playId=1254225f-53a8-4802-a003-23e2060202c3"" target=""_blank""><img src=""/site-core/images/video.png"" class=""video"" /></a>",Field Out,Jaime Barria,642545,1
97,565670,3acd2434-29a4-4135-b7be-ba249452fc26,"Maldonado, Martin",2019-08-25,34,strikeout,117,108,,,,,,,1,0,0,93.2,FF,4-Seam Fastball,1,0,0,0,0,0,1,0,"<a href=""/sporty-videos?playId=3acd2434-29a4-4135-b7be-ba249452fc26"" target=""_blank""><img src=""/site-core/images/video.png"" class=""video"" /></a>",Strikeout,Jaime Barria,642545,1
98,565670,026c44b8-0da5-4813-bccf-b9a6386e4b73,"Reddick, Josh",2019-08-25,33,single,117,108,98.7,8,228,Straightaway,0,0.58,1,1,1,87.5,SL,Slider,1,1,1,0,0,0,0,0,"<a href=""/sporty-videos?playId=026c44b8-0da5-4813-bccf-b9a6386e4b73"" target=""_blank""><img src=""/site-core/images/video.png"" class=""video"" /></a>",Single,Jaime Barria,642545,1
99,565670,c3f5ebd7-08d8-4bcd-8a02-9623867619c1,"Toro, Abraham",2019-08-25,32,field_out,117,108,54.2,15,77,Straightaway,0,0.21,1,0,1,86.0,SL,Slider,1,0,0,0,0,0,0,0,"<a href=""/sporty-videos?playId=c3f5ebd7-08d8-4bcd-8a02-9623867619c1"" target=""_blank""><img src=""/site-core/images/video.png"" class=""video"" /></a>",Field Out,Jaime Barria,642545,1
100,565670,1fa834fa-c688-4f7f-b7f2-0d7319172dc2,"Gurriel, Yuli",2019-08-25,31,single,117,108,94.6,23,326,Opposite,0,0.247,1,0,1,92.5,FF,4-Seam Fastball,1,1,1,0,0,0,0,0,"<a href=""/sporty-videos?playId=1fa834fa-c688-4f7f-b7f2-0d7319172dc2"" target=""_blank""><img src=""/site-core/images/video.png"" class=""video"" /></a>",Single,Jaime Barria,642545,1
101,565670,9e138bd7-3855-4a2a-b08e-d5416de1f165,"Alvarez, Yordan",2019-08-25,30,walk,117,108,,,,,,,0,0,0,84.0,SL,Slider,0,0,0,0,0,0,0,1,"<a href=""/sporty-videos?playId=9e138bd7-3855-4a2a-b08e-d5416de1f165"" target=""_blank""><img src=""/site-core/images/video.png"" class=""video"" /></a>",Walk,Jaime Barria,642545,1
102,565670,80c09304-d8e9-42fd-aee0-546def7099f3,"Bregman, Alex",2019-08-25,26,field_out,117,108,80.0,69,,Pull,0,0.0,1,0,1,85.4,SL,Slider,1,0,0,0,0,0,0,0,"<a href=""/sporty-videos?playId=80c09304-d8e9-42fd-aee0-546def7099f3"" target=""_blank""><img src=""/site-core/images/video.png"" class=""video"" /></a>",Field Out,Jaime Barria,642545,1
103,565670,3ad40538-531f-4d84-a405-9cf8d284fe07,"Brantley Jr., Michael",2019-08-25,25,walk,117,108,,,,,,,0,0,0,83.7,SL,Slider,0,0,0,0,0,0,0,1,"<a href=""/sporty-videos?playId=3ad40538-531f-4d84-a405-9cf8d284fe07"" target=""_blank""><img src=""/site-core/images/video.png"" class=""video"" /></a>",Walk,Jaime Barria,642545,1
104,565670,79266d96-ba19-4255-a3a0-c5cfde083e95,"Altuve, Jose",2019-08-25,24,strikeout,117,108,,,,,,,1,0,0,85.2,SL,Slider,1,0,0,0,0,0,1,0,"<a href=""/sporty-videos?playId=79266d96-ba19-4255-a3a0-c5cfde083e95"" target=""_blank""><img src=""/site-core/images/video.png"" class=""video"" /></a>",Strikeout,Jaime Barria,642545,1
105,565670,e0ebc9bc-2251-474e-a9a8-df48047ae7fc,"Marisnick, Jake",2019-08-25,23,field_out,117,108,80.0,69,,Pull,0,0.0,1,0,1,79.0,CH,Changeup,1,0,0,0,0,0,0,0,"<a href=""/sporty-videos?playId=e0ebc9bc-2251-474e-a9a8-df48047ae7fc"" target=""_blank""><img src=""/site-core/images/video.png"" class=""video"" /></a>",Field Out,Jaime Barria,642545,1
106,565670,206246c9-b1b1-49ac-abe8-10aeba88bc09,"Maldonado, Martin",2019-08-25,16,field_out,117,108,75.4,14,151,Pull,0,0.56,1,0,1,82.1,CH,Changeup,1,0,0,0,0,0,0,0,"<a href=""/sporty-videos?playId=206246c9-b1b1-49ac-abe8-10aeba88bc09"" target=""_blank""><img src=""/site-core/images/video.png"" class=""video"" /></a>",Field Out,Jaime Barria,642545,1
107,565670,0dfa0d81-265d-44c9-857a-bd6743444073,"Reddick, Josh",2019-08-25,15,field_out,117,108,80.0,69,,Opposite,0,0.0,1,0,1,83.8,SL,Slider,1,0,0,0,0,0,0,0,"<a href=""/sporty-videos?playId=0dfa0d81-265d-44c9-857a-bd6743444073"" target=""_blank""><img src=""/site-core/images/video.png"" class=""video"" /></a>",Field Out,Jaime Barria,642545,1
108,565670,9d140520-a183-4485-801c-19f0d2aae1b5,"Toro, Abraham",2019-08-25,14,strikeout,117,108,,,,,,,1,0,0,83.0,CH,Changeup,1,0,0,0,0,0,1,0,"<a href=""/sporty-videos?playId=9d140520-a183-4485-801c-19f0d2aae1b5"" target=""_blank""><img src=""/site-core/images/video.png"" class=""video"" /></a>",Strikeout,Jaime Barria,642545,1
109,565670,29a78810-be5b-419c-a0d6-e819a59f1059,"Gurriel, Yuli",2019-08-25,9,field_out,117,108,80.0,69,,Pull,0,0.0,1,0,1,86.6,SL,Slider,1,0,0,0,0,0,0,0,"<a href=""/sporty-videos?playId=29a78810-be5b-419c-a0d6-e819a59f1059"" target=""_blank""><img src=""/site-core/images/video.png"" class=""video"" /></a>",Field Out,Jaime Barria,642545,1
110,565670,8f247648-1ceb-47ed-adbd-62b5d65fb874,"Alvarez, Yordan",2019-08-25,8,field_out,117,108,54.6,-14,12,Opposite,0,0.069,1,0,1,84.6,SL,Slider,1,0,0,0,0,0,0,0,"<a href=""/sporty-videos?playId=8f247648-1ceb-47ed-adbd-62b5d65fb874"" target=""_blank""><img src=""/site-core/images/video.png"" class=""video"" /></a>",Field Out,Jaime Barria,642545,1
111,565670,127bcbef-f1c4-4cf2-9a65-6ee0a5fd1a0a,"Bregman, Alex",2019-08-25,7,field_out,117,108,99.9,32,392,Straightaway,1,0.66,1,1,1,92.4,FF,4-Seam Fastball,1,0,0,0,0,0,0,0,"<a href=""/sporty-videos?playId=127bcbef-f1c4-4cf2-9a65-6ee0a5fd1a0a"" target=""_blank""><img src=""/site-core/images/video.png"" class=""video"" /></a>",Field Out,Jaime Barria,642545,1
112,565670,0003601f-0f9f-4f00-8b8f-daef1b90c075,"Brantley Jr., Michael",2019-08-25,6,walk,117,108,,,,,,,0,0,0,92.7,FF,4-Seam Fastball,0,0,0,0,0,0,0,1,"<a href=""/sporty-videos?playId=0003601f-0f9f-4f00-8b8f-daef1b90c075"" target=""_blank""><img src=""/site-core/images/video.png"" class=""video"" /></a>",Walk,Jaime Barria,642545,1
113,565670,a0a35ca8-cf69-4278-bdf9-5aed017212db,"Altuve, Jose",2019-08-25,5,double,117,108,98.6,7,143,Straightaway,0,0.627,1,1,1,84.6,SL,Slider,1,1,0,1,0,0,0,0,"<a href=""/sporty-videos?playId=a0a35ca8-cf69-4278-bdf9-5aed017212db"" target=""_blank""><img src=""/site-core/images/video.png"" class=""video"" /></a>",Double,Jaime Barria,642545,1
114,566831,8c4e417d-9bbc-4f3b-873c-52f429552526,"Andrus, Elvis",2019-08-20,39,strikeout,140,108,,,,,,,1,0,0,83.8,SL,Slider,1,0,0,0,0,0,1,0,"<a href=""/sporty-videos?playId=8c4e417d-9bbc-4f3b-873c-52f429552526"" target=""_blank""><img src=""/site-core/images/video.png"" class=""video"" /></a>",Strikeout,Jaime Barria,642545,1
115,566831,a2920154-df2e-4463-aeb4-9a95049a56a8,"Santana, Danny",2019-08-20,38,single,140,108,74.0,24,180,Opposite,0,0.92,1,0,1,85.2,SL,Slider,1,1,1,0,0,0,0,0,"<a href=""/sporty-videos?playId=a2920154-df2e-4463-aeb4-9a95049a56a8"" target=""_blank""><img src=""/site-core/images/video.png"" class=""video"" /></a>",Single,Jaime Barria,642545,1
116,566831,ceb226b0-d7d0-435b-85e8-e23fad14a951,"Choo, Shin-Soo",2019-08-20,37,walk,140,108,,,,,,,0,0,0,86.5,SL,Slider,0,0,0,0,0,0,0,1,"<a href=""/sporty-videos?playId=ceb226b0-d7d0-435b-85e8-e23fad14a951"" target=""_blank""><img src=""/site-core/images/video.png"" class=""video"" /></a>",Walk,Jaime Barria,642545,1
117,566831,0d76367d-b84c-4561-a59e-850b1ca5eeb2,"Trevino, Jose",2019-08-20,36,double,140,108,97.0,15,246,Pull,0,0.773,1,1,1,84.5,SL,Slider,1,1,0,1,0,0,0,0,"<a href=""/sporty-videos?playId=0d76367d-b84c-4561-a59e-850b1ca5eeb2"" target=""_blank""><img src=""/site-core/images/video.png"" class=""video"" /></a>",Double,Jaime Barria,642545,1
118,566831,fdd9765b-6809-4639-8482-08b3cf2e8880,"Heineman, Scott",2019-08-20,35,field_out,140,108,69.5,1,42,Opposite,0,0.14,1,0,1,85.6,SL,Slider,1,0,0,0,0,0,0,0,"<a href=""/sporty-videos?playId=fdd9765b-6809-4639-8482-08b3cf2e8880"" target=""_blank""><img src=""/site-core/images/video.png"" class=""video"" /></a>",Field Out,Jaime Barria,642545,1
119,566831,5e8d97f5-2020-4a79-a359-6762713b68b6,"Solak, Nick",2019-08-20,34,home_run,140,108,101.7,25,375,Opposite,1,0.867,1,1,1,92.3,FF,4-Seam Fastball,1,1,0,0,0,1,0,0,"<a href=""/sporty-videos?playId=5e8d97f5-2020-4a79-a359-6762713b68b6"" target=""_blank""><img src=""/site-core/images/video.png"" class=""video"" /></a>",Home Run,Jaime Barria,642545,1
120,566831,6b838370-7449-44ac-ab30-69a7dbb8bc42,"Forsythe, Logan",2019-08-20,33,field_out,140,108,80.0,69,,Straightaway,0,0.0,1,0,1,86.2,SL,Slider,1,0,0,0,0,0,0,0,"<a href=""/sporty-videos?playId=6b838370-7449-44ac-ab30-69a7dbb8bc42"" target=""_blank""><img src=""/site-core/images/video.png"" class=""video"" /></a>",Field Out,Jaime Barria,642545,1
121,566831,64f83592-b6b9-464d-96a8-b17a33c5a202,"Odor, Rougned",2019-08-20,29,field_out,140,108,99.8,39,343,Opposite,0,0.2,1,1,1,84.0,SL,Slider,1,0,0,0,0,0,0,0,"<a href=""/sporty-videos?playId=64f83592-b6b9-464d-96a8-b17a33c5a202"" target=""_blank""><img src=""/site-core/images/video.png"" class=""video"" /></a>",Field Out,Jaime Barria,642545,1
122,566831,e238130e-da1c-441e-bcdf-65d5af4cf985,"Calhoun, Willie",2019-08-20,28,single,140,108,105.3,9,237,Pull,0,0.767,1,1,1,93.2,FF,4-Seam Fastball,1,1,1,0,0,0,0,0,"<a href=""/sporty-videos?playId=e238130e-da1c-441e-bcdf-65d5af4cf985"" target=""_blank""><img src=""/site-core/images/video.png"" class=""video"" /></a>",Single,Jaime Barria,642545,1
123,566831,b380bf55-3169-4630-889e-f26a350dcc9a,"Andrus, Elvis",2019-08-20,27,strikeout,140,108,,,,,,,1,0,0,84.6,CH,Changeup,1,0,0,0,0,0,1,0,"<a href=""/sporty-videos?playId=b380bf55-3169-4630-889e-f26a350dcc9a"" target=""_blank""><img src=""/site-core/images/video.png"" class=""video"" /></a>",Strikeout,Jaime Barria,642545,1
124,566831,fcb1a135-c0ae-4a61-a788-58389a37b24f,"Santana, Danny",2019-08-20,26,field_out,140,108,80.8,4,75,Pull,0,0.292,1,0,1,85.0,SL,Slider,1,0,0,0,0,0,0,0,"<a href=""/sporty-videos?playId=fcb1a135-c0ae-4a61-a788-58389a37b24f"" target=""_blank""><img src=""/site-core/images/video.png"" class=""video"" /></a>",Field Out,Jaime Barria,642545,1
125,566831,3ca27376-4fe1-4c31-8909-ee6592026c03,"Choo, Shin-Soo",2019-08-20,21,strikeout,140,108,,,,,,,1,0,0,85.3,SL,Slider,1,0,0,0,0,0,1,0,"<a href=""/sporty-videos?playId=3ca27376-4fe1-4c31-8909-ee6592026c03"" target=""_blank""><img src=""/site-core/images/video.png"" class=""video"" /></a>",Strikeout,Jaime Barria,642545,1
126,566831,a7212bb8-3264-4337-8571-21b1d7564f4b,"Trevino, Jose",2019-08-20,20,field_out,140,108,61.8,-43,3,Straightaway,0,0.086,1,0,1,85.5,SL,Slider,1,0,0,0,0,0,0,0,"<a href=""/sporty-videos?playId=a7212bb8-3264-4337-8571-21b1d7564f4b"" target=""_blank""><img src=""/site-core/images/video.png"" class=""video"" /></a>",Field Out,Jaime Barria,642545,1
127,566831,457bbe31-2af8-4c18-92a7-3971b9234d64,"Heineman, Scott",2019-08-20,19,field_out,140,108,71.7,15,149,Straightaway,0,0.567,1,0,1,84.7,CH,Changeup,1,0,0,0,0,0,0,0,"<a href=""/sporty-videos?playId=457bbe31-2af8-4c18-92a7-3971b9234d64"" target=""_blank""><img src=""/site-core/images/video.png"" class=""video"" /></a>",Field Out,Jaime Barria,642545,1
128,566831,2d4e1fd6-bcc6-4229-8fcf-87afd84b5d6b,"Solak, Nick",2019-08-20,14,field_out,140,108,102.4,31,396,Straightaway,1,0.767,1,1,1,85.3,SL,Slider,1,0,0,0,0,0,0,0,"<a href=""/sporty-videos?playId=2d4e1fd6-bcc6-4229-8fcf-87afd84b5d6b"" target=""_blank""><img src=""/site-core/images/video.png"" class=""video"" /></a>",Field Out,Jaime Barria,642545,1
129,566831,20de802f-6422-4d87-a1c2-0c417d80f20f,"Forsythe, Logan",2019-08-20,13,field_out,140,108,83.9,-26,6,Straightaway,0,0.063,1,0,1,92.8,FF,4-Seam Fastball,1,0,0,0,0,0,0,0,"<a href=""/sporty-videos?playId=20de802f-6422-4d87-a1c2-0c417d80f20f"" target=""_blank""><img src=""/site-core/images/video.png"" class=""video"" /></a>",Field Out,Jaime Barria,642545,1
130,566831,1fd5b961-13fa-4080-9e70-6f9706cb09a3,"Odor, Rougned",2019-08-20,12,field_out,140,108,96.6,23,362,Straightaway,0,0.38,1,1,1,92.4,FF,4-Seam Fastball,1,0,0,0,0,0,0,0,"<a href=""/sporty-videos?playId=1fd5b961-13fa-4080-9e70-6f9706cb09a3"" target=""_blank""><img src=""/site-core/images/video.png"" class=""video"" /></a>",Field Out,Jaime Barria,642545,1
131,566831,0be97115-a6d4-42db-a8db-a2d19e47e706,"Calhoun, Willie",2019-08-20,7,strikeout,140,108,,,,,,,1,0,0,82.5,SL,Slider,1,0,0,0,0,0,1,0,"<a href=""/sporty-videos?playId=0be97115-a6d4-42db-a8db-a2d19e47e706"" target=""_blank""><img src=""/site-core/images/video.png"" class=""video"" /></a>",Strikeout,Jaime Barria,642545,1
132,566831,93e6b9a0-ad8b-439c-af05-30d12d506a8e,"Andrus, Elvis",2019-08-20,6,field_out,140,108,74.8,39,246,Straightaway,0,0.127,1,0,1,85.0,SL,Slider,1,0,0,0,0,0,0,0,"<a href=""/sporty-videos?playId=93e6b9a0-ad8b-439c-af05-30d12d506a8e"" target=""_blank""><img src=""/site-core/images/video.png"" class=""video"" /></a>",Field Out,Jaime Barria,642545,1
133,566831,b397fcde-1a78-4bdf-8988-45985a4d625f,"Santana, Danny",2019-08-20,5,single,140,108,97.3,-9,14,Straightaway,0,0.306,1,1,1,79.8,CH,Changeup,1,1,1,0,0,0,0,0,"<a href=""/sporty-videos?playId=b397fcde-1a78-4bdf-8988-45985a4d625f"" target=""_blank""><img src=""/site-core/images/video.png"" class=""video"" /></a>",Single,Jaime Barria,642545,1
134,566831,3f636d93-0432-4a56-9e47-1fa03c24ad3c,"Choo, Shin-Soo",2019-08-20,4,field_out,140,108,101.3,30,380,Opposite,1,0.667,1,1,1,90.7,FF,4-Seam Fastball,1,0,0,0,0,0,0,0,"<a href=""/sporty-videos?playId=3f636d93-0432-4a56-9e47-1fa03c24ad3c"" target=""_blank""><img src=""/site-core/images/video.png"" class=""video"" /></a>",Field Out,Jaime Barria,642545,1
135,565087,9ef95fbd-54f8-425f-b882-9ab2292aab09,"Bogaerts, Xander",2019-08-09,40,field_out,111,108,95.9,48,314,Straightaway,0,0.0,1,1,1,93.1,FF,4-Seam Fastball,1,0,0,0,0,0,0,0,"<a href=""/sporty-videos?playId=9ef95fbd-54f8-425f-b882-9ab2292aab09"" target=""_blank""><img src=""/site-core/images/video.png"" class=""video"" /></a>",Field Out,Jaime Barria,642545,1
136,565087,3ebe6a3c-af5a-4819-866e-f4ff730ff89a,"Devers, Rafael",2019-08-09,39,strikeout,111,108,,,,,,,1,0,0,93.3,FF,4-Seam Fastball,1,0,0,0,0,0,1,0,"<a href=""/sporty-videos?playId=3ebe6a3c-af5a-4819-866e-f4ff730ff89a"" target=""_blank""><img src=""/site-core/images/video.png"" class=""video"" /></a>",Strikeout,Jaime Barria,642545,1
137,565087,fed84753-b592-4987-a452-615571ff4063,"Betts, Mookie",2019-08-09,38,home_run,111,108,96.1,38,374,Pull,0,0.167,1,1,1,87.0,SL,Slider,1,1,0,0,0,1,0,0,"<a href=""/sporty-videos?playId=fed84753-b592-4987-a452-615571ff4063"" target=""_blank""><img src=""/site-core/images/video.png"" class=""video"" /></a>",Home Run,Jaime Barria,642545,1
138,565087,9d437e05-1b92-404b-9a2d-f6a5cf94aa47,"Bradley Jr., Jackie",2019-08-09,37,single,111,108,103.3,2,68,Pull,0,0.547,1,1,1,84.8,SL,Slider,1,1,1,0,0,0,0,0,"<a href=""/sporty-videos?playId=9d437e05-1b92-404b-9a2d-f6a5cf94aa47"" target=""_blank""><img src=""/site-core/images/video.png"" class=""video"" /></a>",Single,Jaime Barria,642545,1
139,565087,189f1741-eeeb-4484-95f8-466b46ae346c,"Holt, Brock",2019-08-09,36,field_out,111,108,99.6,-8,16,Pull,0,0.271,1,1,1,92.0,FF,4-Seam Fastball,1,0,0,0,0,0,0,0,"<a href=""/sporty-videos?playId=189f1741-eeeb-4484-95f8-466b46ae346c"" target=""_blank""><img src=""/site-core/images/video.png"" class=""video"" /></a>",Field Out,Jaime Barria,642545,1
140,565087,a55fe8b0-e89d-4faf-90f6-b27ad8f0e3e0,"Moreland, Mitch",2019-08-09,32,field_out,111,108,101.2,43,342,Straightaway,0,0.107,1,1,1,85.3,SL,Slider,1,0,0,0,0,0,0,0,"<a href=""/sporty-videos?playId=a55fe8b0-e89d-4faf-90f6-b27ad8f0e3e0"" target=""_blank""><img src=""/site-core/images/video.png"" class=""video"" /></a>",Field Out,Jaime Barria,642545,1
141,565087,539dfa29-0013-494b-81ff-5d9b2c0bbe5f,"Vazquez, Christian",2019-08-09,31,field_out,111,108,71.5,13,124,Opposite,0,0.387,1,0,1,86.6,SL,Slider,1,0,0,0,0,0,0,0,"<a href=""/sporty-videos?playId=539dfa29-0013-494b-81ff-5d9b2c0bbe5f"" target=""_blank""><img src=""/site-core/images/video.png"" class=""video"" /></a>",Field Out,Jaime Barria,642545,1
142,565087,32045e25-233e-498c-b21f-4cfe6947825f,"Benintendi, Andrew",2019-08-09,30,strikeout,111,108,,,,,,,1,0,0,85.8,SL,Slider,1,0,0,0,0,0,1,0,"<a href=""/sporty-videos?playId=32045e25-233e-498c-b21f-4cfe6947825f"" target=""_blank""><img src=""/site-core/images/video.png"" class=""video"" /></a>",Strikeout,Jaime Barria,642545,1
143,565087,5bc7901b-1d57-421f-82b8-2e079f9956df,"Martinez, J.D.",2019-08-09,29,home_run,111,108,101.9,28,402,Opposite,1,0.847,1,1,1,93.2,FF,4-Seam Fastball,1,1,0,0,0,1,0,0,"<a href=""/sporty-videos?playId=5bc7901b-1d57-421f-82b8-2e079f9956df"" target=""_blank""><img src=""/site-core/images/video.png"" class=""video"" /></a>",Home Run,Jaime Barria,642545,1
144,565087,b3788c14-3bfa-4062-bd38-1ab4f84223e4,"Bogaerts, Xander",2019-08-09,28,double,111,108,102.8,33,379,Straightaway,1,0.76,1,1,1,86.3,SL,Slider,1,1,0,1,0,0,0,0,"<a href=""/sporty-videos?playId=b3788c14-3bfa-4062-bd38-1ab4f84223e4"" target=""_blank""><img src=""/site-core/images/video.png"" class=""video"" /></a>",Double,Jaime Barria,642545,1
145,565087,3ab3cf41-26ef-4419-bcd1-8544caee5f45,"Devers, Rafael",2019-08-09,24,field_out,111,108,101.7,-18,8,Pull,0,0.238,1,1,1,85.9,SL,Slider,1,0,0,0,0,0,0,0,"<a href=""/sporty-videos?playId=3ab3cf41-26ef-4419-bcd1-8544caee5f45"" target=""_blank""><img src=""/site-core/images/video.png"" class=""video"" /></a>",Field Out,Jaime Barria,642545,1
146,565087,41fe61e1-f2e8-4e29-94ac-e86e5fc6b6de,"Betts, Mookie",2019-08-09,23,strikeout,111,108,,,,,,,1,0,0,88.9,SL,Slider,1,0,0,0,0,0,1,0,"<a href=""/sporty-videos?playId=41fe61e1-f2e8-4e29-94ac-e86e5fc6b6de"" target=""_blank""><img src=""/site-core/images/video.png"" class=""video"" /></a>",Strikeout,Jaime Barria,642545,1
147,565087,84b5e5d0-2d0c-4847-a8f6-fa09d740f7dc,"Bradley Jr., Jackie",2019-08-09,22,field_out,111,108,46.6,19,79,Pull,0,0.124,1,0,1,84.8,CH,Changeup,1,0,0,0,0,0,0,0,"<a href=""/sporty-videos?playId=84b5e5d0-2d0c-4847-a8f6-fa09d740f7dc"" target=""_blank""><img src=""/site-core/images/video.png"" class=""video"" /></a>",Field Out,Jaime Barria,642545,1
148,565087,a1c6db49-7eba-4bdd-9915-a270e14b0eb3,"Holt, Brock",2019-08-09,17,field_out,111,108,82.4,29,311,Pull,0,0.067,1,0,1,85.0,SL,Slider,1,0,0,0,0,0,0,0,"<a href=""/sporty-videos?playId=a1c6db49-7eba-4bdd-9915-a270e14b0eb3"" target=""_blank""><img src=""/site-core/images/video.png"" class=""video"" /></a>",Field Out,Jaime Barria,642545,1
149,565087,2f9050c2-a2f2-4107-b354-232aa3947ccf,"Moreland, Mitch",2019-08-09,16,field_out,111,108,77.7,11,147,Pull,0,0.407,1,0,1,85.3,SL,Slider,1,0,0,0,0,0,0,0,"<a href=""/sporty-videos?playId=2f9050c2-a2f2-4107-b354-232aa3947ccf"" target=""_blank""><img src=""/site-core/images/video.png"" class=""video"" /></a>",Field Out,Jaime Barria,642545,1
150,565087,5869143a-4b41-4877-9df1-36ff77079bb9,"Vazquez, Christian",2019-08-09,15,field_out,111,108,88.0,-15,11,Pull,0,0.082,1,0,1,87.7,SL,Slider,1,0,0,0,0,0,0,0,"<a href=""/sporty-videos?playId=5869143a-4b41-4877-9df1-36ff77079bb9"" target=""_blank""><img src=""/site-core/images/video.png"" class=""video"" /></a>",Field Out,Jaime Barria,642545,1
151,565087,315621a3-d0d7-4ac6-8889-693cdf8b7b12,"Benintendi, Andrew",2019-08-09,11,field_out,111,108,73.9,-4,24,Pull,0,0.084,1,0,1,91.8,FF,4-Seam Fastball,1,0,0,0,0,0,0,0,"<a href=""/sporty-videos?playId=315621a3-d0d7-4ac6-8889-693cdf8b7b12"" target=""_blank""><img src=""/site-core/images/video.png"" class=""video"" /></a>",Field Out,Jaime Barria,642545,1
152,565087,c3bf742b-c7cc-47f6-9592-68b24a425906,"Martinez, J.D.",2019-08-09,10,double,111,108,107.3,20,333,Pull,1,0.86,1,1,1,86.3,SL,Slider,1,1,0,1,0,0,0,0,"<a href=""/sporty-videos?playId=c3bf742b-c7cc-47f6-9592-68b24a425906"" target=""_blank""><img src=""/site-core/images/video.png"" class=""video"" /></a>",Double,Jaime Barria,642545,1
153,565087,79782fb3-0f1e-4199-a6e3-036b5ac7f6c9,"Bogaerts, Xander",2019-08-09,9,field_out,111,108,91.9,65,170,Pull,0,0.033,1,0,1,82.2,CH,Changeup,1,0,0,0,0,0,0,0,"<a href=""/sporty-videos?playId=79782fb3-0f1e-4199-a6e3-036b5ac7f6c9"" target=""_blank""><img src=""/site-core/images/video.png"" class=""video"" /></a>",Field Out,Jaime Barria,642545,1
154,565087,4d96685d-2ce5-4194-a33a-efcda8268052,"Devers, Rafael",2019-08-09,8,field_out,111,108,90.9,26,320,Opposite,0,0.147,1,0,1,85.4,SL,Slider,1,0,0,0,0,0,0,0,"<a href=""/sporty-videos?playId=4d96685d-2ce5-4194-a33a-efcda8268052"" target=""_blank""><img src=""/site-core/images/video.png"" class=""video"" /></a>",Field Out,Jaime Barria,642545,1
155,565087,3a69390a-5684-4809-b9b7-9e16bdb5cc8f,"Betts, Mookie",2019-08-09,7,double,111,108,102.6,16,327,Opposite,0,0.573,1,1,1,92.6,FF,4-Seam Fastball,1,1,0,1,0,0,0,0,"<a href=""/sporty-videos?playId=3a69390a-5684-4809-b9b7-9e16bdb5cc8f"" target=""_blank""><img src=""/site-core/images/video.png"" class=""video"" /></a>",Double,Jaime Barria,642545,1
156,565374,f2fb8db8-f9f7-4cf2-b24f-def827fb9b0c,"Lindor, Francisco",2019-08-04,33,walk,114,108,,,,,,,0,0,0,85.6,SL,Slider,0,0,0,0,0,0,0,1,"<a href=""/sporty-videos?playId=f2fb8db8-f9f7-4cf2-b24f-def827fb9b0c"" target=""_blank""><img src=""/site-core/images/video.png"" class=""video"" /></a>",Walk,Jaime Barria,642545,1
157,565374,2f18248a-f06b-466d-8bc9-eade5f862aaf,"Luplow, Jordan",2019-08-04,32,double,114,108,95.5,29,355,Opposite,0,0.293,1,1,1,93.0,FF,4-Seam Fastball,1,1,0,1,0,0,0,0,"<a href=""/sporty-videos?playId=2f18248a-f06b-466d-8bc9-eade5f862aaf"" target=""_blank""><img src=""/site-core/images/video.png"" class=""video"" /></a>",Double,Jaime Barria,642545,1
158,565374,d3a0513d-59d5-4b51-8960-921b2061cd73,"Perez, Roberto",2019-08-04,31,strikeout,114,108,,,,,,,1,0,0,92.9,FF,4-Seam Fastball,1,0,0,0,0,0,1,0,"<a href=""/sporty-videos?playId=d3a0513d-59d5-4b51-8960-921b2061cd73"" target=""_blank""><img src=""/site-core/images/video.png"" class=""video"" /></a>",Strikeout,Jaime Barria,642545,1
159,565374,13a6718a-e106-4fd8-81b2-46f7d372358e,"Kipnis, Jason",2019-08-04,30,home_run,114,108,104.3,21,410,Straightaway,1,0.793,1,1,1,84.2,SL,Slider,1,1,0,0,0,1,0,0,"<a href=""/sporty-videos?playId=13a6718a-e106-4fd8-81b2-46f7d372358e"" target=""_blank""><img src=""/site-core/images/video.png"" class=""video"" /></a>",Home Run,Jaime Barria,642545,1
160,565374,cbae0bff-20f3-44de-9891-c863f33921b1,"Reyes, Franmil",2019-08-04,29,strikeout,114,108,,,,,,,1,0,0,89.8,FF,4-Seam Fastball,1,0,0,0,0,0,1,0,"<a href=""/sporty-videos?playId=cbae0bff-20f3-44de-9891-c863f33921b1"" target=""_blank""><img src=""/site-core/images/video.png"" class=""video"" /></a>",Strikeout,Jaime Barria,642545,1
161,565374,84240637-7ced-4057-9fbe-fa79adcc097a,"Ramirez, Jose",2019-08-04,23,field_out,114,108,45.3,-24,6,Pull,0,0.251,1,0,1,85.5,SL,Slider,1,0,0,0,0,0,0,0,"<a href=""/sporty-videos?playId=84240637-7ced-4057-9fbe-fa79adcc097a"" target=""_blank""><img src=""/site-core/images/video.png"" class=""video"" /></a>",Field Out,Jaime Barria,642545,1
162,565374,c8bda320-57b4-4f4f-8d77-6c27596f6e98,"Puig, Yasiel",2019-08-04,22,walk,114,108,,,,,,,0,0,0,92.7,FT,2-Seam Fastball,0,0,0,0,0,0,0,1,"<a href=""/sporty-videos?playId=c8bda320-57b4-4f4f-8d77-6c27596f6e98"" target=""_blank""><img src=""/site-core/images/video.png"" class=""video"" /></a>",Walk,Jaime Barria,642545,1
163,565374,6e14ddd5-dcd5-48bc-a516-a023e8f9b1e6,"Santana, Carlos",2019-08-04,21,field_out,114,108,78.8,38,283,Straightaway,0,0.013,1,0,1,83.8,SL,Slider,1,0,0,0,0,0,0,0,"<a href=""/sporty-videos?playId=6e14ddd5-dcd5-48bc-a516-a023e8f9b1e6"" target=""_blank""><img src=""/site-core/images/video.png"" class=""video"" /></a>",Field Out,Jaime Barria,642545,1
164,565374,216af4dd-724d-4536-88ae-9a0a354fc049,"Mercado, Oscar",2019-08-04,20,walk,114,108,,,,,,,0,0,0,91.9,FT,2-Seam Fastball,0,0,0,0,0,0,0,1,"<a href=""/sporty-videos?playId=216af4dd-724d-4536-88ae-9a0a354fc049"" target=""_blank""><img src=""/site-core/images/video.png"" class=""video"" /></a>",Walk,Jaime Barria,642545,1
165,565374,3d274c1f-8f2a-4746-abaa-7972f6ff45fb,"Lindor, Francisco",2019-08-04,19,home_run,114,108,103.4,26,424,Straightaway,1,0.893,1,1,1,83.7,SL,Slider,1,1,0,0,0,1,0,0,"<a href=""/sporty-videos?playId=3d274c1f-8f2a-4746-abaa-7972f6ff45fb"" target=""_blank""><img src=""/site-core/images/video.png"" class=""video"" /></a>",Home Run,Jaime Barria,642545,1
166,565374,d435c111-3890-4fca-bf96-e7265d3fec7f,"Luplow, Jordan",2019-08-04,18,strikeout,114,108,,,,,,,1,0,0,83.2,CH,Changeup,1,0,0,0,0,0,1,0,"<a href=""/sporty-videos?playId=d435c111-3890-4fca-bf96-e7265d3fec7f"" target=""_blank""><img src=""/site-core/images/video.png"" class=""video"" /></a>",Strikeout,Jaime Barria,642545,1
167,565374,fe758c9b-d385-478e-9759-331bf431dc52,"Perez, Roberto",2019-08-04,14,strikeout,114,108,,,,,,,1,0,0,84.8,SL,Slider,1,0,0,0,0,0,1,0,"<a href=""/sporty-videos?playId=fe758c9b-d385-478e-9759-331bf431dc52"" target=""_blank""><img src=""/site-core/images/video.png"" class=""video"" /></a>",Strikeout,Jaime Barria,642545,1
168,565374,4aa1ed0e-6f8f-49ae-9b39-563411d73a35,"Kipnis, Jason",2019-08-04,13,field_out,114,108,89.2,30,328,Straightaway,0,0.073,1,0,1,86.1,SL,Slider,1,0,0,0,0,0,0,0,"<a href=""/sporty-videos?playId=4aa1ed0e-6f8f-49ae-9b39-563411d73a35"" target=""_blank""><img src=""/site-core/images/video.png"" class=""video"" /></a>",Field Out,Jaime Barria,642545,1
169,565374,0f810611-da6a-41c1-92a6-8e8f5ba258f4,"Reyes, Franmil",2019-08-04,12,strikeout,114,108,,,,,,,1,0,0,86.4,SL,Slider,1,0,0,0,0,0,1,0,"<a href=""/sporty-videos?playId=0f810611-da6a-41c1-92a6-8e8f5ba258f4"" target=""_blank""><img src=""/site-core/images/video.png"" class=""video"" /></a>",Strikeout,Jaime Barria,642545,1
170,565374,0d1c839d-77c6-4ca7-bec7-6f2e6d769fb3,"Ramirez, Jose",2019-08-04,8,strikeout,114,108,,,,,,,1,0,0,84.2,SL,Slider,1,0,0,0,0,0,1,0,"<a href=""/sporty-videos?playId=0d1c839d-77c6-4ca7-bec7-6f2e6d769fb3"" target=""_blank""><img src=""/site-core/images/video.png"" class=""video"" /></a>",Strikeout,Jaime Barria,642545,1
171,565374,4dfa47d9-f4ce-456b-9467-8c75dd1f36ee,"Puig, Yasiel",2019-08-04,7,double,114,108,100.6,20,312,Pull,0,0.533,1,1,1,83.0,CH,Changeup,1,1,0,1,0,0,0,0,"<a href=""/sporty-videos?playId=4dfa47d9-f4ce-456b-9467-8c75dd1f36ee"" target=""_blank""><img src=""/site-core/images/video.png"" class=""video"" /></a>",Double,Jaime Barria,642545,1
172,565374,d5e43b18-d53a-4daf-a983-c00245b96a7f,"Santana, Carlos",2019-08-04,6,field_out,114,108,99.6,-16,6,Straightaway,0,0.17,1,1,1,83.3,SL,Slider,1,0,0,0,0,0,0,0,"<a href=""/sporty-videos?playId=d5e43b18-d53a-4daf-a983-c00245b96a7f"" target=""_blank""><img src=""/site-core/images/video.png"" class=""video"" /></a>",Field Out,Jaime Barria,642545,1
173,565374,2c6ba8c5-24bc-423a-8147-b3aaa3412b7d,"Mercado, Oscar",2019-08-04,5,home_run,114,108,101.3,25,400,Straightaway,1,0.713,1,1,1,85.2,SL,Slider,1,1,0,0,0,1,0,0,"<a href=""/sporty-videos?playId=2c6ba8c5-24bc-423a-8147-b3aaa3412b7d"" target=""_blank""><img src=""/site-core/images/video.png"" class=""video"" /></a>",Home Run,Jaime Barria,642545,1
174,565374,445fe108-5e9c-4507-a760-270a8759c711,"Lindor, Francisco",2019-08-04,4,field_out,114,108,97.3,14,298,Opposite,0,0.88,1,1,1,84.5,CH,Changeup,1,0,0,0,0,0,0,0,"<a href=""/sporty-videos?playId=445fe108-5e9c-4507-a760-270a8759c711"" target=""_blank""><img src=""/site-core/images/video.png"" class=""video"" /></a>",Field Out,Jaime Barria,642545,1
175,564788,c0e569d1-0b64-4262-a9bf-a4c409997846,"Goodrum, Niko",2019-07-29,32,field_out,116,108,98.1,20,336,Straightaway,0,0.387,1,1,1,84.1,SL,Slider,1,0,0,0,0,0,0,0,"<a href=""/sporty-videos?playId=c0e569d1-0b64-4262-a9bf-a4c409997846"" target=""_blank""><img src=""/site-core/images/video.png"" class=""video"" /></a>",Field Out,Jaime Barria,642545,1
176,564788,96d3bb8c-731e-41ee-8202-81e22c506e2e,"Jones, JaCoby",2019-07-29,31,double,116,108,107.8,15,363,Straightaway,0,0.613,1,1,1,91.3,FF,4-Seam Fastball,1,1,0,1,0,0,0,0,"<a href=""/sporty-videos?playId=96d3bb8c-731e-41ee-8202-81e22c506e2e"" target=""_blank""><img src=""/site-core/images/video.png"" class=""video"" /></a>",Double,Jaime Barria,642545,1
177,564788,e59cdc3e-9276-4d68-9b24-fc244c828ed8,"Mercer, Jordy",2019-07-29,30,home_run,116,108,101.3,31,401,Straightaway,1,0.64,1,1,1,91.1,FF,4-Seam Fastball,1,1,0,0,0,1,0,0,"<a href=""/sporty-videos?playId=e59cdc3e-9276-4d68-9b24-fc244c828ed8"" target=""_blank""><img src=""/site-core/images/video.png"" class=""video"" /></a>",Home Run,Jaime Barria,642545,1
178,564788,677201a9-a287-4449-a09a-95bd2e5ba354,"Hicks, John",2019-07-29,29,field_out,116,108,91.4,4,72,Pull,0,0.48,1,0,1,85.3,SL,Slider,1,0,0,0,0,0,0,0,"<a href=""/sporty-videos?playId=677201a9-a287-4449-a09a-95bd2e5ba354"" target=""_blank""><img src=""/site-core/images/video.png"" class=""video"" /></a>",Field Out,Jaime Barria,642545,1
179,564788,ef84a838-66a6-45ad-b76c-eefef43c1261,"Castro, Harold",2019-07-29,28,field_out,116,108,79.7,41,272,Opposite,0,0.04,1,0,1,82.4,CH,Changeup,1,0,0,0,0,0,0,0,"<a href=""/sporty-videos?playId=ef84a838-66a6-45ad-b76c-eefef43c1261"" target=""_blank""><img src=""/site-core/images/video.png"" class=""video"" /></a>",Field Out,Jaime Barria,642545,1
180,564788,0e084968-4f55-48bf-b7d0-057169728b95,"Candelario, Jeimer",2019-07-29,24,field_out,116,108,80.6,39,279,Straightaway,0,0.0,1,0,1,93.2,FF,4-Seam Fastball,1,0,0,0,0,0,0,0,"<a href=""/sporty-videos?playId=0e084968-4f55-48bf-b7d0-057169728b95"" target=""_blank""><img src=""/site-core/images/video.png"" class=""video"" /></a>",Field Out,Jaime Barria,642545,1
181,564788,e18a9551-6596-402b-aa0f-79119a7d0564,"Stewart, Christin",2019-07-29,23,double,116,108,92.0,27,338,Straightaway,0,0.18,1,0,1,82.9,SL,Slider,1,1,0,1,0,0,0,0,"<a href=""/sporty-videos?playId=e18a9551-6596-402b-aa0f-79119a7d0564"" target=""_blank""><img src=""/site-core/images/video.png"" class=""video"" /></a>",Double,Jaime Barria,642545,1
182,564788,9ffdacfc-5645-4930-a1b1-6bb89f2f1ed8,"Castellanos, Nick",2019-07-29,22,field_error,116,108,86.5,6,91,Pull,0,0.32,1,0,1,83.8,SL,Slider,1,0,0,0,0,0,0,0,"<a href=""/sporty-videos?playId=9ffdacfc-5645-4930-a1b1-6bb89f2f1ed8"" target=""_blank""><img src=""/site-core/images/video.png"" class=""video"" /></a>",Field Error,Jaime Barria,642545,1
183,564788,99711b79-be73-412b-9078-457f5ecd8efd,"Cabrera, Miguel",2019-07-29,21,field_out,116,108,94.5,48,296,Straightaway,0,0.013,1,0,1,84.3,SL,Slider,1,0,0,0,0,0,0,0,"<a href=""/sporty-videos?playId=99711b79-be73-412b-9078-457f5ecd8efd"" target=""_blank""><img src=""/site-core/images/video.png"" class=""video"" /></a>",Field Out,Jaime Barria,642545,1
184,564788,912d2787-cac9-4787-bbb7-841208e0dafb,"Goodrum, Niko",2019-07-29,20,field_out,116,108,86.7,25,316,Straightaway,0,0.127,1,0,1,91.6,FF,4-Seam Fastball,1,0,0,0,0,0,0,0,"<a href=""/sporty-videos?playId=912d2787-cac9-4787-bbb7-841208e0dafb"" target=""_blank""><img src=""/site-core/images/video.png"" class=""video"" /></a>",Field Out,Jaime Barria,642545,1
185,564788,e94faeed-c06a-43f7-9953-b587f836eb50,"Jones, JaCoby",2019-07-29,16,strikeout,116,108,,,,,,,1,0,0,84.9,SL,Slider,1,0,0,0,0,0,1,0,"<a href=""/sporty-videos?playId=e94faeed-c06a-43f7-9953-b587f836eb50"" target=""_blank""><img src=""/site-core/images/video.png"" class=""video"" /></a>",Strikeout,Jaime Barria,642545,1
186,564788,c3a3a47f-b8e6-4ff4-b7f3-4671e7ca4b41,"Mercer, Jordy",2019-07-29,15,strikeout,116,108,,,,,,,1,0,0,85.1,SL,Slider,1,0,0,0,0,0,1,0,"<a href=""/sporty-videos?playId=c3a3a47f-b8e6-4ff4-b7f3-4671e7ca4b41"" target=""_blank""><img src=""/site-core/images/video.png"" class=""video"" /></a>",Strikeout,Jaime Barria,642545,1
187,564788,4703984a-03b2-4cb3-a901-1b5f24f29558,"Hicks, John",2019-07-29,14,field_out,116,108,80.0,64,154,Straightaway,0,0.0,1,0,1,84.0,SL,Slider,1,0,0,0,0,0,0,0,"<a href=""/sporty-videos?playId=4703984a-03b2-4cb3-a901-1b5f24f29558"" target=""_blank""><img src=""/site-core/images/video.png"" class=""video"" /></a>",Field Out,Jaime Barria,642545,1
188,564788,3d95001b-f3de-4eeb-b8ec-70db83db22f1,"Castro, Harold",2019-07-29,10,strikeout,116,108,,,,,,,1,0,0,85.5,SL,Slider,1,0,0,0,0,0,1,0,"<a href=""/sporty-videos?playId=3d95001b-f3de-4eeb-b8ec-70db83db22f1"" target=""_blank""><img src=""/site-core/images/video.png"" class=""video"" /></a>",Strikeout,Jaime Barria,642545,1
189,564788,ad4657ee-90fa-4c74-950e-ddf08a0986b8,"Candelario, Jeimer",2019-07-29,9,field_out,116,108,86.2,51,247,Straightaway,0,0.0,1,0,1,83.5,SL,Slider,1,0,0,0,0,0,0,0,"<a href=""/sporty-videos?playId=ad4657ee-90fa-4c74-950e-ddf08a0986b8"" target=""_blank""><img src=""/site-core/images/video.png"" class=""video"" /></a>",Field Out,Jaime Barria,642545,1
190,564788,01cb0349-f0fc-4506-87b9-c8ab4921f487,"Stewart, Christin",2019-07-29,8,field_out,116,108,77.0,6,68,Pull,0,0.244,1,0,1,81.9,SL,Slider,1,0,0,0,0,0,0,0,"<a href=""/sporty-videos?playId=01cb0349-f0fc-4506-87b9-c8ab4921f487"" target=""_blank""><img src=""/site-core/images/video.png"" class=""video"" /></a>",Field Out,Jaime Barria,642545,1
191,564788,be7a4910-adcf-4887-a5f7-b7f463137579,"Castellanos, Nick",2019-07-29,4,field_out,116,108,67.7,-17,6,Straightaway,0,0.063,1,0,1,83.5,SL,Slider,1,0,0,0,0,0,0,0,"<a href=""/sporty-videos?playId=be7a4910-adcf-4887-a5f7-b7f463137579"" target=""_blank""><img src=""/site-core/images/video.png"" class=""video"" /></a>",Field Out,Jaime Barria,642545,1
192,564788,de0a874c-0f28-49b2-bf14-2c1d8da35a96,"Cabrera, Miguel",2019-07-29,3,home_run,116,108,99.5,29,407,Straightaway,1,0.68,1,1,1,92.1,FF,4-Seam Fastball,1,1,0,0,0,1,0,0,"<a href=""/sporty-videos?playId=de0a874c-0f28-49b2-bf14-2c1d8da35a96"" target=""_blank""><img src=""/site-core/images/video.png"" class=""video"" /></a>",Home Run,Jaime Barria,642545,1
193,564788,6526ca0b-23a6-46c5-aef1-0844acff4029,"Goodrum, Niko",2019-07-29,2,strikeout,116,108,,,,,,,1,0,0,82.8,CH,Changeup,1,0,0,0,0,0,1,0,"<a href=""/sporty-videos?playId=6526ca0b-23a6-46c5-aef1-0844acff4029"" target=""_blank""><img src=""/site-core/images/video.png"" class=""video"" /></a>",Strikeout,Jaime Barria,642545,1
194,564788,b2de6d1f-5165-44bc-a8e0-9f49b5c11af1,"Jones, JaCoby",2019-07-29,1,strikeout,116,108,,,,,,,1,0,0,84.0,SL,Slider,1,0,0,0,0,0,1,0,"<a href=""/sporty-videos?playId=b2de6d1f-5165-44bc-a8e0-9f49b5c11af1"" target=""_blank""><img src=""/site-core/images/video.png"" class=""video"" /></a>",Strikeout,Jaime Barria,642545,1
195,565852,611599a4-af2c-41a1-8209-2ed6850ebd9d,"Muncy, Max",2019-07-24,38,field_out,119,108,79.3,-16,6,Pull,0,0.046,1,0,1,86.5,SL,Slider,1,0,0,0,0,0,0,0,"<a href=""/sporty-videos?playId=611599a4-af2c-41a1-8209-2ed6850ebd9d"" target=""_blank""><img src=""/site-core/images/video.png"" class=""video"" /></a>",Field Out,Jaime Barria,642545,1
196,565852,5bd80b0c-c9e0-41b8-a7ee-a0c53029d82e,"Pederson, Joc",2019-07-24,37,single,119,108,96.0,15,217,Pull,0,0.733,1,1,1,92.3,FT,2-Seam Fastball,1,1,1,0,0,0,0,0,"<a href=""/sporty-videos?playId=5bd80b0c-c9e0-41b8-a7ee-a0c53029d82e"" target=""_blank""><img src=""/site-core/images/video.png"" class=""video"" /></a>",Single,Jaime Barria,642545,1
197,565852,9e44ae6a-777f-4215-b645-7b20d8b28c6f,"Stripling, Ross",2019-07-24,36,field_out,119,108,,,,Straightaway,0,,1,0,1,81.5,SL,Slider,1,0,0,0,0,0,0,0,"<a href=""/sporty-videos?playId=9e44ae6a-777f-4215-b645-7b20d8b28c6f"" target=""_blank""><img src=""/site-core/images/video.png"" class=""video"" /></a>",Field Out,Jaime Barria,642545,1
198,565852,cd058419-c109-4fec-a82a-f8598fb5e1a4,"Barnes, Austin",2019-07-24,35,field_out,119,108,93.7,42,317,Straightaway,0,0.02,1,0,1,91.3,FF,4-Seam Fastball,1,0,0,0,0,0,0,0,"<a href=""/sporty-videos?playId=cd058419-c109-4fec-a82a-f8598fb5e1a4"" target=""_blank""><img src=""/site-core/images/video.png"" class=""video"" /></a>",Field Out,Jaime Barria,642545,1
199,565852,3bb15ab3-59d5-464d-9ee7-4b05de90444b,"Hernandez, Enrique",2019-07-24,31,field_out,119,108,80.0,69,,Opposite,0,0.0,1,0,1,93.6,FF,4-Seam Fastball,1,0,0,0,0,0,0,0,"<a href=""/sporty-videos?playId=3bb15ab3-59d5-464d-9ee7-4b05de90444b"" target=""_blank""><img src=""/site-core/images/video.png"" class=""video"" /></a>",Field Out,Jaime Barria,642545,1
200,565852,2c0234ce-9a26-4c90-8977-6646271f00fb,"Seager, Corey",2019-07-24,30,walk,119,108,,,,,,,0,0,0,84.7,SL,Slider,0,0,0,0,0,0,0,1,"<a href=""/sporty-videos?playId=2c0234ce-9a26-4c90-8977-6646271f00fb"" target=""_blank""><img src=""/site-core/images/video.png"" class=""video"" /></a>",Walk,Jaime Barria,642545,1
201,565852,8f45345a-2322-4452-8ec8-3935f9efbb46,"Pollock, AJ",2019-07-24,29,field_out,119,108,80.1,-6,15,Pull,0,0.153,1,0,1,92.2,FT,2-Seam Fastball,1,0,0,0,0,0,0,0,"<a href=""/sporty-videos?playId=8f45345a-2322-4452-8ec8-3935f9efbb46"" target=""_blank""><img src=""/site-core/images/video.png"" class=""video"" /></a>",Field Out,Jaime Barria,642545,1
202,565852,eb24ccfe-54d7-496e-bfa4-d7762241d291,"Bellinger, Cody",2019-07-24,28,field_out,119,108,87.2,48,267,Straightaway,0,0.0,1,0,1,83.8,SL,Slider,1,0,0,0,0,0,0,0,"<a href=""/sporty-videos?playId=eb24ccfe-54d7-496e-bfa4-d7762241d291"" target=""_blank""><img src=""/site-core/images/video.png"" class=""video"" /></a>",Field Out,Jaime Barria,642545,1
203,565852,3f713343-ab7f-4a41-94e9-e7ea4b9870c3,"Turner, Justin",2019-07-24,27,home_run,119,108,101.3,25,417,Straightaway,1,0.713,1,1,1,84.8,SL,Slider,1,1,0,0,0,1,0,0,"<a href=""/sporty-videos?playId=3f713343-ab7f-4a41-94e9-e7ea4b9870c3"" target=""_blank""><img src=""/site-core/images/video.png"" class=""video"" /></a>",Home Run,Jaime Barria,642545,1
204,565852,b35d5175-9756-4f62-929b-6f9db2939b21,"Muncy, Max",2019-07-24,22,strikeout,119,108,,,,,,,1,0,0,86.2,SL,Slider,1,0,0,0,0,0,1,0,"<a href=""/sporty-videos?playId=b35d5175-9756-4f62-929b-6f9db2939b21"" target=""_blank""><img src=""/site-core/images/video.png"" class=""video"" /></a>",Strikeout,Jaime Barria,642545,1
205,565852,1993cebe-7aa3-4b41-8cf5-6bda2c14fb8f,"Pederson, Joc",2019-07-24,21,walk,119,108,,,,,,,0,0,0,84.4,SL,Slider,0,0,0,0,0,0,0,1,"<a href=""/sporty-videos?playId=1993cebe-7aa3-4b41-8cf5-6bda2c14fb8f"" target=""_blank""><img src=""/site-core/images/video.png"" class=""video"" /></a>",Walk,Jaime Barria,642545,1
206,565852,0d1fba35-e515-4aeb-a875-20c3716f7485,"Stripling, Ross",2019-07-24,20,field_out,119,108,57.5,-27,5,Straightaway,0,0.134,1,0,1,86.2,SL,Slider,1,0,0,0,0,0,0,0,"<a href=""/sporty-videos?playId=0d1fba35-e515-4aeb-a875-20c3716f7485"" target=""_blank""><img src=""/site-core/images/video.png"" class=""video"" /></a>",Field Out,Jaime Barria,642545,1
207,565852,55177a53-89aa-418b-b65a-5b9b58e74cf8,"Barnes, Austin",2019-07-24,19,strikeout,119,108,,,,,,,1,0,0,85.7,SL,Slider,1,0,0,0,0,0,1,0,"<a href=""/sporty-videos?playId=55177a53-89aa-418b-b65a-5b9b58e74cf8"" target=""_blank""><img src=""/site-core/images/video.png"" class=""video"" /></a>",Strikeout,Jaime Barria,642545,1
208,565852,f1d7b714-7b57-4a0c-9308-4d6b3bdfc677,"Hernandez, Enrique",2019-07-24,15,field_out,119,108,94.3,56,256,Straightaway,0,0.0,1,0,1,92.8,FF,4-Seam Fastball,1,0,0,0,0,0,0,0,"<a href=""/sporty-videos?playId=f1d7b714-7b57-4a0c-9308-4d6b3bdfc677"" target=""_blank""><img src=""/site-core/images/video.png"" class=""video"" /></a>",Field Out,Jaime Barria,642545,1
209,565852,893b2a3d-31ec-4b8d-ac82-c25f0729bb74,"Seager, Corey",2019-07-24,14,field_out,119,108,66.8,48,201,Straightaway,0,0.193,1,0,1,85.0,CH,Changeup,1,0,0,0,0,0,0,0,"<a href=""/sporty-videos?playId=893b2a3d-31ec-4b8d-ac82-c25f0729bb74"" target=""_blank""><img src=""/site-core/images/video.png"" class=""video"" /></a>",Field Out,Jaime Barria,642545,1
210,565852,73d01e5e-762d-41e5-83e0-18d6826163d2,"Pollock, AJ",2019-07-24,13,field_out,119,108,98.0,-1,37,Pull,0,0.453,1,1,1,86.2,SL,Slider,1,0,0,0,0,0,0,0,"<a href=""/sporty-videos?playId=73d01e5e-762d-41e5-83e0-18d6826163d2"" target=""_blank""><img src=""/site-core/images/video.png"" class=""video"" /></a>",Field Out,Jaime Barria,642545,1
211,565852,09d5316b-cfc3-4341-8051-e38ce5da437f,"Bellinger, Cody",2019-07-24,9,field_out,119,108,89.8,24,335,Straightaway,0,0.107,1,0,1,85.3,SL,Slider,1,0,0,0,0,0,0,0,"<a href=""/sporty-videos?playId=09d5316b-cfc3-4341-8051-e38ce5da437f"" target=""_blank""><img src=""/site-core/images/video.png"" class=""video"" /></a>",Field Out,Jaime Barria,642545,1
212,565852,f18e3512-5d67-4ca8-a1dc-1e7bcf2b2b57,"Turner, Justin",2019-07-24,8,single,119,108,95.7,2,56,Straightaway,0,0.44,1,1,1,84.3,SL,Slider,1,1,1,0,0,0,0,0,"<a href=""/sporty-videos?playId=f18e3512-5d67-4ca8-a1dc-1e7bcf2b2b57"" target=""_blank""><img src=""/site-core/images/video.png"" class=""video"" /></a>",Single,Jaime Barria,642545,1
213,565852,04a93def-5fee-40a5-94f6-c94e297556d2,"Muncy, Max",2019-07-24,7,field_out,119,108,99.3,9,150,Pull,0,0.673,1,1,1,93.3,FF,4-Seam Fastball,1,0,0,0,0,0,0,0,"<a href=""/sporty-videos?playId=04a93def-5fee-40a5-94f6-c94e297556d2"" target=""_blank""><img src=""/site-core/images/video.png"" class=""video"" /></a>",Field Out,Jaime Barria,642545,1
214,565852,e56980b7-2961-44a3-b845-d350e5cfcbca,"Pederson, Joc",2019-07-24,6,strikeout,119,108,,,,,,,1,0,0,83.6,SL,Slider,1,0,0,0,0,0,1,0,"<a href=""/sporty-videos?playId=e56980b7-2961-44a3-b845-d350e5cfcbca"" target=""_blank""><img src=""/site-core/images/video.png"" class=""video"" /></a>",Strikeout,Jaime Barria,642545,1
215,566420,5407779a-0a30-4bf8-a901-6de11506669a,"Crawford, J.P.",2019-07-19,47,double,136,108,96.9,15,254,Pull,0,0.773,1,1,1,83.5,SL,Slider,1,1,0,1,0,0,0,0,"<a href=""/sporty-videos?playId=5407779a-0a30-4bf8-a901-6de11506669a"" target=""_blank""><img src=""/site-core/images/video.png"" class=""video"" /></a>",Double,Jaime Barria,642545,1
216,566420,cac58cee-0247-4e01-9bca-ec48068e42d2,"Moore, Dylan",2019-07-19,46,field_out,136,108,80.0,69,,Pull,0,0.0,1,0,1,89.1,FF,4-Seam Fastball,1,0,0,0,0,0,0,0,"<a href=""/sporty-videos?playId=cac58cee-0247-4e01-9bca-ec48068e42d2"" target=""_blank""><img src=""/site-core/images/video.png"" class=""video"" /></a>",Field Out,Jaime Barria,642545,1
217,566420,216c0ab2-80fd-4d16-8485-9ac00f7e0eda,"Strange-Gordon, Dee",2019-07-19,45,single,136,108,77.7,-35,3,Opposite,0,0.063,1,0,1,84.4,SL,Slider,1,1,1,0,0,0,0,0,"<a href=""/sporty-videos?playId=216c0ab2-80fd-4d16-8485-9ac00f7e0eda"" target=""_blank""><img src=""/site-core/images/video.png"" class=""video"" /></a>",Single,Jaime Barria,642545,1
218,566420,ef45e420-aca7-4c61-a3bf-d1b35359823f,"Negron, Kristopher",2019-07-19,44,field_out,136,108,85.0,21,250,Opposite,0,0.453,1,0,1,88.6,FF,4-Seam Fastball,1,0,0,0,0,0,0,0,"<a href=""/sporty-videos?playId=ef45e420-aca7-4c61-a3bf-d1b35359823f"" target=""_blank""><img src=""/site-core/images/video.png"" class=""video"" /></a>",Field Out,Jaime Barria,642545,1
219,566420,e45d3798-231f-4279-b80a-ec79d7191fd9,"Murphy, Tom",2019-07-19,43,double,136,108,107.3,15,247,Pull,0,0.6,1,1,1,81.4,SL,Slider,1,1,0,1,0,0,0,0,"<a href=""/sporty-videos?playId=e45d3798-231f-4279-b80a-ec79d7191fd9"" target=""_blank""><img src=""/site-core/images/video.png"" class=""video"" /></a>",Double,Jaime Barria,642545,1
220,566420,572f74d9-4e73-4e36-a19c-0e2dc214831b,"Seager, Kyle",2019-07-19,39,strikeout,136,108,,,,,,,1,0,0,81.5,SL,Slider,1,0,0,0,0,0,1,0,"<a href=""/sporty-videos?playId=572f74d9-4e73-4e36-a19c-0e2dc214831b"" target=""_blank""><img src=""/site-core/images/video.png"" class=""video"" /></a>",Strikeout,Jaime Barria,642545,1
221,566420,63f0b7cb-93b4-4dfd-8995-857e9d4a5974,"Narvaez, Omar",2019-07-19,38,field_out,136,108,62.0,0,22,Pull,0,0.074,1,0,1,83.5,SL,Slider,1,0,0,0,0,0,0,0,"<a href=""/sporty-videos?playId=63f0b7cb-93b4-4dfd-8995-857e9d4a5974"" target=""_blank""><img src=""/site-core/images/video.png"" class=""video"" /></a>",Field Out,Jaime Barria,642545,1
222,566420,3413d02f-6a0d-4b07-bd25-80622b6f1e3a,"Vogelbach, Daniel",2019-07-19,37,home_run,136,108,106.7,29,441,Pull,1,1.0,1,1,1,91.9,FF,4-Seam Fastball,1,1,0,0,0,1,0,0,"<a href=""/sporty-videos?playId=3413d02f-6a0d-4b07-bd25-80622b6f1e3a"" target=""_blank""><img src=""/site-core/images/video.png"" class=""video"" /></a>",Home Run,Jaime Barria,642545,1
223,566420,76eb0a29-cd19-4ecf-9157-e9ee73e87dd5,"Santana, Domingo",2019-07-19,36,walk,136,108,,,,,,,0,0,0,90.4,FF,4-Seam Fastball,0,0,0,0,0,0,0,1,"<a href=""/sporty-videos?playId=76eb0a29-cd19-4ecf-9157-e9ee73e87dd5"" target=""_blank""><img src=""/site-core/images/video.png"" class=""video"" /></a>",Walk,Jaime Barria,642545,1
224,566420,28a91cbd-e1a7-4cd1-b13e-5ec7e82974ce,"Crawford, J.P.",2019-07-19,35,field_out,136,108,74.1,23,241,Pull,0,0.96,1,0,1,84.4,SL,Slider,1,0,0,0,0,0,0,0,"<a href=""/sporty-videos?playId=28a91cbd-e1a7-4cd1-b13e-5ec7e82974ce"" target=""_blank""><img src=""/site-core/images/video.png"" class=""video"" /></a>",Field Out,Jaime Barria,642545,1
225,566420,b78cd70e-1d43-44a0-9871-6f799218b317,"Smith, Mallex",2019-07-19,34,walk,136,108,,,,,,,0,0,0,83.6,CH,Changeup,0,0,0,0,0,0,0,1,"<a href=""/sporty-videos?playId=b78cd70e-1d43-44a0-9871-6f799218b317"" target=""_blank""><img src=""/site-core/images/video.png"" class=""video"" /></a>",Walk,Jaime Barria,642545,1
226,566420,580c5602-a347-4ab1-94fe-db20537481d3,"Strange-Gordon, Dee",2019-07-19,30,field_out,136,108,,,,Opposite,0,,1,0,1,90.9,FF,4-Seam Fastball,1,0,0,0,0,0,0,0,"<a href=""/sporty-videos?playId=580c5602-a347-4ab1-94fe-db20537481d3"" target=""_blank""><img src=""/site-core/images/video.png"" class=""video"" /></a>",Field Out,Jaime Barria,642545,1
227,566420,7280a5f5-ec9b-4641-89e3-5b0fb328bf35,"Negron, Kristopher",2019-07-19,29,strikeout,136,108,,,,,,,1,0,0,83.3,SL,Slider,1,0,0,0,0,0,1,0,"<a href=""/sporty-videos?playId=7280a5f5-ec9b-4641-89e3-5b0fb328bf35"" target=""_blank""><img src=""/site-core/images/video.png"" class=""video"" /></a>",Strikeout,Jaime Barria,642545,1
228,566420,5c3531e2-e2da-4f43-9e10-1e4a71dd6311,"Murphy, Tom",2019-07-19,28,single,136,108,105.6,19,351,Opposite,1,0.727,1,1,1,91.5,FF,4-Seam Fastball,1,1,1,0,0,0,0,0,"<a href=""/sporty-videos?playId=5c3531e2-e2da-4f43-9e10-1e4a71dd6311"" target=""_blank""><img src=""/site-core/images/video.png"" class=""video"" /></a>",Single,Jaime Barria,642545,1
229,566420,ca0fcf43-e3b8-4391-ad45-edc92f01d34f,"Seager, Kyle",2019-07-19,27,double,136,108,99.6,22,339,Straightaway,0,0.58,1,1,1,82.4,SL,Slider,1,1,0,1,0,0,0,0,"<a href=""/sporty-videos?playId=ca0fcf43-e3b8-4391-ad45-edc92f01d34f"" target=""_blank""><img src=""/site-core/images/video.png"" class=""video"" /></a>",Double,Jaime Barria,642545,1
230,566420,8d370a98-a350-4628-95a3-a08d5e37224c,"Narvaez, Omar",2019-07-19,26,single,136,108,91.3,3,86,Opposite,0,0.373,1,0,1,92.1,FF,4-Seam Fastball,1,1,1,0,0,0,0,0,"<a href=""/sporty-videos?playId=8d370a98-a350-4628-95a3-a08d5e37224c"" target=""_blank""><img src=""/site-core/images/video.png"" class=""video"" /></a>",Single,Jaime Barria,642545,1
231,566420,40f6f825-b2c8-4d28-ba01-5d767476003d,"Vogelbach, Daniel",2019-07-19,25,home_run,136,108,105.9,21,414,Straightaway,1,0.927,1,1,1,85.1,CH,Changeup,1,1,0,0,0,1,0,0,"<a href=""/sporty-videos?playId=40f6f825-b2c8-4d28-ba01-5d767476003d"" target=""_blank""><img src=""/site-core/images/video.png"" class=""video"" /></a>",Home Run,Jaime Barria,642545,1
232,566420,97078149-e020-4370-a60e-e472f2fa2c8b,"Santana, Domingo",2019-07-19,24,walk,136,108,,,,,,,0,0,0,84.6,SL,Slider,0,0,0,0,0,0,0,1,"<a href=""/sporty-videos?playId=97078149-e020-4370-a60e-e472f2fa2c8b"" target=""_blank""><img src=""/site-core/images/video.png"" class=""video"" /></a>",Walk,Jaime Barria,642545,1
233,566420,9d9da3da-18f0-4a4a-91e9-ca0623811104,"Crawford, J.P.",2019-07-19,23,walk,136,108,,,,,,,0,0,0,91.1,FF,4-Seam Fastball,0,0,0,0,0,0,0,1,"<a href=""/sporty-videos?playId=9d9da3da-18f0-4a4a-91e9-ca0623811104"" target=""_blank""><img src=""/site-core/images/video.png"" class=""video"" /></a>",Walk,Jaime Barria,642545,1
234,566420,3e47b9f5-6e36-4911-a4a0-38a600adeb79,"Smith, Mallex",2019-07-19,19,strikeout,136,108,,,,,,,1,0,0,84.2,SL,Slider,1,0,0,0,0,0,1,0,"<a href=""/sporty-videos?playId=3e47b9f5-6e36-4911-a4a0-38a600adeb79"" target=""_blank""><img src=""/site-core/images/video.png"" class=""video"" /></a>",Strikeout,Jaime Barria,642545,1
235,566420,bcd0c3de-fb53-49bf-a822-d791811ce9f8,"Strange-Gordon, Dee",2019-07-19,18,single,136,108,97.8,-6,14,Opposite,0,0.322,1,1,1,91.0,FF,4-Seam Fastball,1,1,1,0,0,0,0,0,"<a href=""/sporty-videos?playId=bcd0c3de-fb53-49bf-a822-d791811ce9f8"" target=""_blank""><img src=""/site-core/images/video.png"" class=""video"" /></a>",Single,Jaime Barria,642545,1
236,566420,7f35a453-6a5f-4b2b-a8c7-2c00b076ba76,"Negron, Kristopher",2019-07-19,17,strikeout,136,108,,,,,,,1,0,0,82.1,SL,Slider,1,0,0,0,0,0,1,0,"<a href=""/sporty-videos?playId=7f35a453-6a5f-4b2b-a8c7-2c00b076ba76"" target=""_blank""><img src=""/site-core/images/video.png"" class=""video"" /></a>",Strikeout,Jaime Barria,642545,1
237,566420,a8a8a9c2-6d35-47e0-92e8-05ffdb7cc71e,"Murphy, Tom",2019-07-19,16,field_out,136,108,105.6,-3,19,Straightaway,0,0.393,1,1,1,92.2,FT,2-Seam Fastball,1,0,0,0,0,0,0,0,"<a href=""/sporty-videos?playId=a8a8a9c2-6d35-47e0-92e8-05ffdb7cc71e"" target=""_blank""><img src=""/site-core/images/video.png"" class=""video"" /></a>",Field Out,Jaime Barria,642545,1
238,566808,4f45250b-c531-4fa5-bd31-de2e749be610,"Andrus, Elvis",2019-07-03,40,field_out,140,108,92.3,-24,9,Straightaway,0,0.192,1,0,1,91.7,FF,4-Seam Fastball,1,0,0,0,0,0,0,0,"<a href=""/sporty-videos?playId=4f45250b-c531-4fa5-bd31-de2e749be610"" target=""_blank""><img src=""/site-core/images/video.png"" class=""video"" /></a>",Field Out,Jaime Barria,642545,1
239,566808,23b0fed5-df3b-4176-9cb4-d5e3b35ab0ab,"Calhoun, Willie",2019-07-03,39,field_out,140,108,79.7,47,250,Opposite,0,0.033,1,0,1,92.3,FF,4-Seam Fastball,1,0,0,0,0,0,0,0,"<a href=""/sporty-videos?playId=23b0fed5-df3b-4176-9cb4-d5e3b35ab0ab"" target=""_blank""><img src=""/site-core/images/video.png"" class=""video"" /></a>",Field Out,Jaime Barria,642545,1
240,566808,25d94789-a854-4560-8c2b-8f894738a763,"Choo, Shin-Soo",2019-07-03,38,strikeout,140,108,,,,,,,1,0,0,85.1,SL,Slider,1,0,0,0,0,0,1,0,"<a href=""/sporty-videos?playId=25d94789-a854-4560-8c2b-8f894738a763"" target=""_blank""><img src=""/site-core/images/video.png"" class=""video"" /></a>",Strikeout,Jaime Barria,642545,1
241,566808,1ff7da50-57cc-413a-a394-3522d73a338f,"Federowicz, Tim",2019-07-03,37,home_run,140,108,105.2,28,434,Straightaway,1,1.0,1,1,1,91.4,FF,4-Seam Fastball,1,1,0,0,0,1,0,0,"<a href=""/sporty-videos?playId=1ff7da50-57cc-413a-a394-3522d73a338f"" target=""_blank""><img src=""/site-core/images/video.png"" class=""video"" /></a>",Home Run,Jaime Barria,642545,1
242,566808,d117adfa-45bb-41d3-8ee0-f69c656494f5,"Guzman, Ronald",2019-07-03,33,strikeout,140,108,,,,,,,1,0,0,83.8,SL,Slider,1,0,0,0,0,0,1,0,"<a href=""/sporty-videos?playId=d117adfa-45bb-41d3-8ee0-f69c656494f5"" target=""_blank""><img src=""/site-core/images/video.png"" class=""video"" /></a>",Strikeout,Jaime Barria,642545,1
243,566808,70795589-be4b-442f-9722-6ff1c2aa3279,"Odor, Rougned",2019-07-03,32,strikeout,140,108,,,,,,,1,0,0,92.9,FF,4-Seam Fastball,1,0,0,0,0,0,1,0,"<a href=""/sporty-videos?playId=70795589-be4b-442f-9722-6ff1c2aa3279"" target=""_blank""><img src=""/site-core/images/video.png"" class=""video"" /></a>",Strikeout,Jaime Barria,642545,1
244,566808,d47b5cee-85f4-47bc-878e-3eacd7cd349c,"Cabrera, Asdrubal",2019-07-03,31,single,140,108,89.5,-16,6,Straightaway,0,0.115,1,0,1,81.9,SL,Slider,1,1,1,0,0,0,0,0,"<a href=""/sporty-videos?playId=d47b5cee-85f4-47bc-878e-3eacd7cd349c"" target=""_blank""><img src=""/site-core/images/video.png"" class=""video"" /></a>",Single,Jaime Barria,642545,1
245,566808,f19dea12-be2f-4fb9-b381-436a36a04671,"Mazara, Nomar",2019-07-03,30,field_out,140,108,95.1,-21,4,Straightaway,0,0.161,1,1,1,83.2,CH,Changeup,1,0,0,0,0,0,0,0,"<a href=""/sporty-videos?playId=f19dea12-be2f-4fb9-b381-436a36a04671"" target=""_blank""><img src=""/site-core/images/video.png"" class=""video"" /></a>",Field Out,Jaime Barria,642545,1
246,566808,6be35eb8-9274-424e-9221-82450bb2a81a,"Gallo, Joey",2019-07-03,26,strikeout,140,108,,,,,,,1,0,0,84.9,CH,Changeup,1,0,0,0,0,0,1,0,"<a href=""/sporty-videos?playId=6be35eb8-9274-424e-9221-82450bb2a81a"" target=""_blank""><img src=""/site-core/images/video.png"" class=""video"" /></a>",Strikeout,Jaime Barria,642545,1
247,566808,cc7f04cd-9d54-41aa-8289-bcffc0aacf14,"Andrus, Elvis",2019-07-03,25,sac_fly,140,108,90.2,15,265,Opposite,0,0.0,0,0,1,82.8,SL,Slider,0,0,0,0,0,0,0,0,"<a href=""/sporty-videos?playId=cc7f04cd-9d54-41aa-8289-bcffc0aacf14"" target=""_blank""><img src=""/site-core/images/video.png"" class=""video"" /></a>",Sac Fly,Jaime Barria,642545,1
248,566808,c7e54891-0f4b-451e-80c5-9036aa24d006,"Calhoun, Willie",2019-07-03,24,strikeout,140,108,,,,,,,1,0,0,84.2,SL,Slider,1,0,0,0,0,0,1,0,"<a href=""/sporty-videos?playId=c7e54891-0f4b-451e-80c5-9036aa24d006"" target=""_blank""><img src=""/site-core/images/video.png"" class=""video"" /></a>",Strikeout,Jaime Barria,642545,1
249,566808,755744bf-4004-468b-9df7-6408675d69b2,"Choo, Shin-Soo",2019-07-03,23,single,140,108,104.1,9,153,Straightaway,0,0.753,1,1,1,83.8,CH,Changeup,1,1,1,0,0,0,0,0,"<a href=""/sporty-videos?playId=755744bf-4004-468b-9df7-6408675d69b2"" target=""_blank""><img src=""/site-core/images/video.png"" class=""video"" /></a>",Single,Jaime Barria,642545,1
250,566808,3bf539d9-bb22-4aa7-95be-b7d584d81f4c,"Federowicz, Tim",2019-07-03,22,double,140,108,85.9,22,254,Pull,0,0.32,1,0,1,83.1,SL,Slider,1,1,0,1,0,0,0,0,"<a href=""/sporty-videos?playId=3bf539d9-bb22-4aa7-95be-b7d584d81f4c"" target=""_blank""><img src=""/site-core/images/video.png"" class=""video"" /></a>",Double,Jaime Barria,642545,1
251,566808,def1f8d2-0e6a-495b-87f0-9aa15ce9b693,"Guzman, Ronald",2019-07-03,14,strikeout,140,108,,,,,,,1,0,0,93.3,FF,4-Seam Fastball,1,0,0,0,0,0,1,0,"<a href=""/sporty-videos?playId=def1f8d2-0e6a-495b-87f0-9aa15ce9b693"" target=""_blank""><img src=""/site-core/images/video.png"" class=""video"" /></a>",Strikeout,Jaime Barria,642545,1
252,566808,c089e9e1-0caa-4ed0-b466-6e7df3b14c3c,"Odor, Rougned",2019-07-03,13,strikeout,140,108,,,,,,,1,0,0,84.3,CH,Changeup,1,0,0,0,0,0,1,0,"<a href=""/sporty-videos?playId=c089e9e1-0caa-4ed0-b466-6e7df3b14c3c"" target=""_blank""><img src=""/site-core/images/video.png"" class=""video"" /></a>",Strikeout,Jaime Barria,642545,1
253,566808,65afadbd-c0b5-4ca2-bb78-8c6d506d497b,"Cabrera, Asdrubal",2019-07-03,12,walk,140,108,,,,,,,0,0,0,83.5,SL,Slider,0,0,0,0,0,0,0,1,"<a href=""/sporty-videos?playId=65afadbd-c0b5-4ca2-bb78-8c6d506d497b"" target=""_blank""><img src=""/site-core/images/video.png"" class=""video"" /></a>",Walk,Jaime Barria,642545,1
254,566808,3aecd354-56ef-4c65-8ead-24b088da65be,"Mazara, Nomar",2019-07-03,11,walk,140,108,,,,,,,0,0,0,83.3,CH,Changeup,0,0,0,0,0,0,0,1,"<a href=""/sporty-videos?playId=3aecd354-56ef-4c65-8ead-24b088da65be"" target=""_blank""><img src=""/site-core/images/video.png"" class=""video"" /></a>",Walk,Jaime Barria,642545,1
255,566808,b2830a84-e36c-47f1-b8e7-2580fa223d20,"Gallo, Joey",2019-07-03,10,field_out,140,108,92.7,45,308,Opposite,0,0.0,1,0,1,82.4,SL,Slider,1,0,0,0,0,0,0,0,"<a href=""/sporty-videos?playId=b2830a84-e36c-47f1-b8e7-2580fa223d20"" target=""_blank""><img src=""/site-core/images/video.png"" class=""video"" /></a>",Field Out,Jaime Barria,642545,1
256,566808,5a54a93b-7bf0-426c-93c8-491842e51f5d,"Andrus, Elvis",2019-07-03,6,field_out,140,108,86.2,40,294,Opposite,0,0.007,1,0,1,92.1,FF,4-Seam Fastball,1,0,0,0,0,0,0,0,"<a href=""/sporty-videos?playId=5a54a93b-7bf0-426c-93c8-491842e51f5d"" target=""_blank""><img src=""/site-core/images/video.png"" class=""video"" /></a>",Field Out,Jaime Barria,642545,1
257,566808,08591dfe-d2c7-470c-a826-e9c641d9b575,"Calhoun, Willie",2019-07-03,5,field_out,140,108,82.7,83,72,Pull,0,0.0,1,0,1,91.5,FF,4-Seam Fastball,1,0,0,0,0,0,0,0,"<a href=""/sporty-videos?playId=08591dfe-d2c7-470c-a826-e9c641d9b575"" target=""_blank""><img src=""/site-core/images/video.png"" class=""video"" /></a>",Field Out,Jaime Barria,642545,1
258,566808,9e9a1be8-3517-4981-b4b6-84cc59c12f33,"Choo, Shin-Soo",2019-07-03,4,strikeout,140,108,,,,,,,1,0,0,85.0,SL,Slider,1,0,0,0,0,0,1,0,"<a href=""/sporty-videos?playId=9e9a1be8-3517-4981-b4b6-84cc59c12f33"" target=""_blank""><img src=""/site-core/images/video.png"" class=""video"" /></a>",Strikeout,Jaime Barria,642545,1
259,564772,13ff8f20-0179-449b-801e-d580cd12c318,"Peraza, Jose",2019-06-26,33,field_out,113,108,92.9,-9,14,Straightaway,0,0.236,1,0,1,83.4,CH,Changeup,1,0,0,0,0,0,0,0,"<a href=""/sporty-videos?playId=13ff8f20-0179-449b-801e-d580cd12c318"" target=""_blank""><img src=""/site-core/images/video.png"" class=""video"" /></a>",Field Out,Jaime Barria,642545,1
260,564772,48beca78-9690-423f-a6ed-061f9ceb764b,"Casali, Curt",2019-06-26,32,field_out,113,108,91.3,8,116,Pull,0,0.533,1,0,1,82.4,CH,Changeup,1,0,0,0,0,0,0,0,"<a href=""/sporty-videos?playId=48beca78-9690-423f-a6ed-061f9ceb764b"" target=""_blank""><img src=""/site-core/images/video.png"" class=""video"" /></a>",Field Out,Jaime Barria,642545,1
261,564772,eece6c65-4ce8-46b1-93b8-64146a730797,"Iglesias, Jose",2019-06-26,31,field_out,113,108,82.9,-21,,Opposite,0,0.076,1,0,1,91.1,FF,4-Seam Fastball,1,0,0,0,0,0,0,0,"<a href=""/sporty-videos?playId=eece6c65-4ce8-46b1-93b8-64146a730797"" target=""_blank""><img src=""/site-core/images/video.png"" class=""video"" /></a>",Field Out,Jaime Barria,642545,1
262,564772,d8c24741-230d-44af-ae57-090b320a42c7,"Puig, Yasiel",2019-06-26,30,home_run,113,108,110.1,18,405,Straightaway,1,0.8,1,1,1,81.1,SL,Slider,1,1,0,0,0,1,0,0,"<a href=""/sporty-videos?playId=d8c24741-230d-44af-ae57-090b320a42c7"" target=""_blank""><img src=""/site-core/images/video.png"" class=""video"" /></a>",Home Run,Jaime Barria,642545,1
263,564772,46c4aecd-f503-4d63-93ff-16f5ae4e89d7,"Senzel, Nick",2019-06-26,25,field_out,113,108,66.5,-36,3,Straightaway,0,0.051,1,0,1,82.4,CH,Changeup,1,0,0,0,0,0,0,0,"<a href=""/sporty-videos?playId=46c4aecd-f503-4d63-93ff-16f5ae4e89d7"" target=""_blank""><img src=""/site-core/images/video.png"" class=""video"" /></a>",Field Out,Jaime Barria,642545,1
264,564772,8b45dc21-b0b9-47a8-ae2b-dc9be55729ad,"Dietrich, Derek",2019-06-26,24,strikeout,113,108,,,,,,,1,0,0,83.6,SL,Slider,1,0,0,0,0,0,1,0,"<a href=""/sporty-videos?playId=8b45dc21-b0b9-47a8-ae2b-dc9be55729ad"" target=""_blank""><img src=""/site-core/images/video.png"" class=""video"" /></a>",Strikeout,Jaime Barria,642545,1
265,564772,840160e2-a6a9-4a6f-8111-4921418f748f,"Suarez, Eugenio",2019-06-26,23,field_out,113,108,94.6,56,239,Opposite,0,0.0,1,0,1,91.3,FF,4-Seam Fastball,1,0,0,0,0,0,0,0,"<a href=""/sporty-videos?playId=840160e2-a6a9-4a6f-8111-4921418f748f"" target=""_blank""><img src=""/site-core/images/video.png"" class=""video"" /></a>",Field Out,Jaime Barria,642545,1
266,564772,2108b29f-44f0-43f0-bae9-b4405112993b,"Votto, Joey",2019-06-26,19,strikeout,113,108,,,,,,,1,0,0,85.1,SL,Slider,1,0,0,0,0,0,1,0,"<a href=""/sporty-videos?playId=2108b29f-44f0-43f0-bae9-b4405112993b"" target=""_blank""><img src=""/site-core/images/video.png"" class=""video"" /></a>",Strikeout,Jaime Barria,642545,1
267,564772,1561ee2d-6cdb-4da1-8630-d7a6c77692c6,"Winker, Jesse",2019-06-26,18,strikeout,113,108,,,,,,,1,0,0,92.5,FF,4-Seam Fastball,1,0,0,0,0,0,1,0,"<a href=""/sporty-videos?playId=1561ee2d-6cdb-4da1-8630-d7a6c77692c6"" target=""_blank""><img src=""/site-core/images/video.png"" class=""video"" /></a>",Strikeout,Jaime Barria,642545,1
268,564772,48c3ca4a-5545-4d8c-be53-1987b2fdf6ff,"Peraza, Jose",2019-06-26,17,field_out,113,108,80.0,69,,Opposite,0,0.0,1,0,1,92.2,FF,4-Seam Fastball,1,0,0,0,0,0,0,0,"<a href=""/sporty-videos?playId=48c3ca4a-5545-4d8c-be53-1987b2fdf6ff"" target=""_blank""><img src=""/site-core/images/video.png"" class=""video"" /></a>",Field Out,Jaime Barria,642545,1
269,564772,a54252b3-0151-4f19-b90a-8b8cc9ade180,"Casali, Curt",2019-06-26,16,single,113,108,78.6,25,269,Straightaway,0,0.36,1,0,1,83.4,SL,Slider,1,1,1,0,0,0,0,0,"<a href=""/sporty-videos?playId=a54252b3-0151-4f19-b90a-8b8cc9ade180"" target=""_blank""><img src=""/site-core/images/video.png"" class=""video"" /></a>",Single,Jaime Barria,642545,1
270,564772,1d09b9db-ed5c-450a-a990-8ba58498a149,"Iglesias, Jose",2019-06-26,15,single,113,108,71.9,44,238,Straightaway,0,0.28,1,0,1,85.8,SL,Slider,1,1,1,0,0,0,0,0,"<a href=""/sporty-videos?playId=1d09b9db-ed5c-450a-a990-8ba58498a149"" target=""_blank""><img src=""/site-core/images/video.png"" class=""video"" /></a>",Single,Jaime Barria,642545,1
271,564772,942fa244-ec30-450a-8c2e-cb38e78831e9,"Puig, Yasiel",2019-06-26,11,strikeout,113,108,,,,,,,1,0,0,85.8,SL,Slider,1,0,0,0,0,0,1,0,"<a href=""/sporty-videos?playId=942fa244-ec30-450a-8c2e-cb38e78831e9"" target=""_blank""><img src=""/site-core/images/video.png"" class=""video"" /></a>",Strikeout,Jaime Barria,642545,1
272,564772,1f0107a0-942c-4125-8a7c-402b6a675028,"Senzel, Nick",2019-06-26,10,strikeout,113,108,,,,,,,1,0,0,84.3,SL,Slider,1,0,0,0,0,0,1,0,"<a href=""/sporty-videos?playId=1f0107a0-942c-4125-8a7c-402b6a675028"" target=""_blank""><img src=""/site-core/images/video.png"" class=""video"" /></a>",Strikeout,Jaime Barria,642545,1
273,564772,31ced459-4a44-453e-a586-9997cb873138,"Dietrich, Derek",2019-06-26,9,strikeout,113,108,,,,,,,1,0,0,82.3,SL,Slider,1,0,0,0,0,0,1,0,"<a href=""/sporty-videos?playId=31ced459-4a44-453e-a586-9997cb873138"" target=""_blank""><img src=""/site-core/images/video.png"" class=""video"" /></a>",Strikeout,Jaime Barria,642545,1
274,564772,2d7c0aac-e3dd-4693-8aad-f488618fd25a,"Suarez, Eugenio",2019-06-26,3,field_out,113,108,91.4,2,58,Pull,0,0.422,1,0,1,83.1,SL,Slider,1,0,0,0,0,0,0,0,"<a href=""/sporty-videos?playId=2d7c0aac-e3dd-4693-8aad-f488618fd25a"" target=""_blank""><img src=""/site-core/images/video.png"" class=""video"" /></a>",Field Out,Jaime Barria,642545,1
275,564772,95aaa2ae-6e81-43e7-91da-d8f587a4839b,"Votto, Joey",2019-06-26,2,field_out,113,108,80.8,36,290,Pull,0,0.02,1,0,1,83.0,SL,Slider,1,0,0,0,0,0,0,0,"<a href=""/sporty-videos?playId=95aaa2ae-6e81-43e7-91da-d8f587a4839b"" target=""_blank""><img src=""/site-core/images/video.png"" class=""video"" /></a>",Field Out,Jaime Barria,642545,1
276,564772,f3d835f6-ee90-4a4e-b901-1473ccc5d453,"Winker, Jesse",2019-06-26,1,field_out,113,108,105.4,14,295,Straightaway,0,0.713,1,1,1,83.1,CH,Changeup,1,0,0,0,0,0,0,0,"<a href=""/sporty-videos?playId=f3d835f6-ee90-4a4e-b901-1473ccc5d453"" target=""_blank""><img src=""/site-core/images/video.png"" class=""video"" /></a>",Field Out,Jaime Barria,642545,1
277,564765,6330a711-3f40-408d-a72a-121e41a6e5b7,"Laureano, Ramon",2019-06-06,77,field_out,133,108,93.1,57,213,Pull,0,0.007,1,0,1,84.1,CH,Changeup,1,0,0,0,0,0,0,0,"<a href=""/sporty-videos?playId=6330a711-3f40-408d-a72a-121e41a6e5b7"" target=""_blank""><img src=""/site-core/images/video.png"" class=""video"" /></a>",Field Out,Jaime Barria,642545,1
278,564765,f87c94ad-558d-4cc3-976a-b9d339249c39,"Olson, Matt",2019-06-06,76,double,133,108,101.9,25,382,Opposite,1,0.867,1,1,1,83.3,CH,Changeup,1,1,0,1,0,0,0,0,"<a href=""/sporty-videos?playId=f87c94ad-558d-4cc3-976a-b9d339249c39"" target=""_blank""><img src=""/site-core/images/video.png"" class=""video"" /></a>",Double,Jaime Barria,642545,1
279,564765,3362be27-9e5e-44dc-b74c-a6e755bb6d42,"Piscotty, Stephen",2019-06-06,75,strikeout,133,108,,,,,,,1,0,0,86.0,SL,Slider,1,0,0,0,0,0,1,0,"<a href=""/sporty-videos?playId=3362be27-9e5e-44dc-b74c-a6e755bb6d42"" target=""_blank""><img src=""/site-core/images/video.png"" class=""video"" /></a>",Strikeout,Jaime Barria,642545,1
280,564765,14d3f742-8a11-44c5-b9d4-39f0a8037bed,"Davis, Khris",2019-06-06,74,strikeout,133,108,,,,,,,1,0,0,86.0,SL,Slider,1,0,0,0,0,0,1,0,"<a href=""/sporty-videos?playId=14d3f742-8a11-44c5-b9d4-39f0a8037bed"" target=""_blank""><img src=""/site-core/images/video.png"" class=""video"" /></a>",Strikeout,Jaime Barria,642545,1
281,564765,68882789-e93b-4480-9283-9427f7fc86ae,"Chapman, Matt",2019-06-06,69,strikeout,133,108,,,,,,,1,0,0,82.0,SL,Slider,1,0,0,0,0,0,1,0,"<a href=""/sporty-videos?playId=68882789-e93b-4480-9283-9427f7fc86ae"" target=""_blank""><img src=""/site-core/images/video.png"" class=""video"" /></a>",Strikeout,Jaime Barria,642545,1
282,564765,71c968c2-773a-4ce4-ba0c-1acacb7a855b,"Pinder, Chad",2019-06-06,68,strikeout,133,108,,,,,,,1,0,0,91.5,FF,4-Seam Fastball,1,0,0,0,0,0,1,0,"<a href=""/sporty-videos?playId=71c968c2-773a-4ce4-ba0c-1acacb7a855b"" target=""_blank""><img src=""/site-core/images/video.png"" class=""video"" /></a>",Strikeout,Jaime Barria,642545,1
283,564765,25417ccd-86ee-4c56-bf64-8aaed9a6ae55,"Semien, Marcus",2019-06-06,67,strikeout,133,108,,,,,,,1,0,0,84.1,SL,Slider,1,0,0,0,0,0,1,0,"<a href=""/sporty-videos?playId=25417ccd-86ee-4c56-bf64-8aaed9a6ae55"" target=""_blank""><img src=""/site-core/images/video.png"" class=""video"" /></a>",Strikeout,Jaime Barria,642545,1
284,564765,f1600d32-4577-4f17-816b-a14df1a5eadb,"Phegley, Josh",2019-06-06,61,field_out,133,108,65.5,-21,7,Pull,0,0.041,1,0,1,92.7,FF,4-Seam Fastball,1,0,0,0,0,0,0,0,"<a href=""/sporty-videos?playId=f1600d32-4577-4f17-816b-a14df1a5eadb"" target=""_blank""><img src=""/site-core/images/video.png"" class=""video"" /></a>",Field Out,Jaime Barria,642545,1
285,564765,a6333a00-94cc-432c-9b34-fc14095c5bdb,"Profar, Jurickson",2019-06-06,60,field_error,133,108,104.1,2,77,Pull,0,0.453,1,1,1,92.8,FF,4-Seam Fastball,1,0,0,0,0,0,0,0,"<a href=""/sporty-videos?playId=a6333a00-94cc-432c-9b34-fc14095c5bdb"" target=""_blank""><img src=""/site-core/images/video.png"" class=""video"" /></a>",Field Error,Jaime Barria,642545,1
286,564765,ae915c83-8dca-444d-bb45-eec0dd0f57c6,"Laureano, Ramon",2019-06-06,59,field_out,133,108,89.4,38,312,Straightaway,0,0.027,1,0,1,91.9,FF,4-Seam Fastball,1,0,0,0,0,0,0,0,"<a href=""/sporty-videos?playId=ae915c83-8dca-444d-bb45-eec0dd0f57c6"" target=""_blank""><img src=""/site-core/images/video.png"" class=""video"" /></a>",Field Out,Jaime Barria,642545,1
287,564765,68875a5b-0cf6-41ac-9167-89a2ff4a7511,"Canha, Mark",2019-06-06,58,walk,133,108,,,,,,,0,0,0,83.3,CH,Changeup,0,0,0,0,0,0,0,1,"<a href=""/sporty-videos?playId=68875a5b-0cf6-41ac-9167-89a2ff4a7511"" target=""_blank""><img src=""/site-core/images/video.png"" class=""video"" /></a>",Walk,Jaime Barria,642545,1
288,564765,e686e735-b565-4903-877d-82f10fa3df04,"Piscotty, Stephen",2019-06-06,57,home_run,133,108,104.8,27,410,Pull,1,0.947,1,1,1,90.5,FF,4-Seam Fastball,1,1,0,0,0,1,0,0,"<a href=""/sporty-videos?playId=e686e735-b565-4903-877d-82f10fa3df04"" target=""_blank""><img src=""/site-core/images/video.png"" class=""video"" /></a>",Home Run,Jaime Barria,642545,1
289,564765,84e964e0-7ba7-4477-a622-5078db227810,"Davis, Khris",2019-06-06,56,field_out,133,108,83.0,39,303,Pull,0,0.02,1,0,1,86.4,CH,Changeup,1,0,0,0,0,0,0,0,"<a href=""/sporty-videos?playId=84e964e0-7ba7-4477-a622-5078db227810"" target=""_blank""><img src=""/site-core/images/video.png"" class=""video"" /></a>",Field Out,Jaime Barria,642545,1
290,564765,877ecc66-6337-4bf3-bc01-0e717c5a8d04,"Chapman, Matt",2019-06-06,51,field_out,133,108,96.8,70,120,Straightaway,0,0.027,1,1,1,93.3,FF,4-Seam Fastball,1,0,0,0,0,0,0,0,"<a href=""/sporty-videos?playId=877ecc66-6337-4bf3-bc01-0e717c5a8d04"" target=""_blank""><img src=""/site-core/images/video.png"" class=""video"" /></a>",Field Out,Jaime Barria,642545,1
291,564765,de4f97f2-e006-4e2d-bc6a-b05e36a23724,"Pinder, Chad",2019-06-06,50,field_out,133,108,97.5,54,267,Opposite,0,0.02,1,1,1,91.7,FF,4-Seam Fastball,1,0,0,0,0,0,0,0,"<a href=""/sporty-videos?playId=de4f97f2-e006-4e2d-bc6a-b05e36a23724"" target=""_blank""><img src=""/site-core/images/video.png"" class=""video"" /></a>",Field Out,Jaime Barria,642545,1
292,564765,3b5aca90-97e9-4970-8438-7bb013d8342c,"Semien, Marcus",2019-06-06,49,single,133,108,88.4,12,197,Straightaway,0,0.807,1,0,1,85.7,SL,Slider,1,1,1,0,0,0,0,0,"<a href=""/sporty-videos?playId=3b5aca90-97e9-4970-8438-7bb013d8342c"" target=""_blank""><img src=""/site-core/images/video.png"" class=""video"" /></a>",Single,Jaime Barria,642545,1
293,564765,24368d92-b61d-4fc6-bd52-055bf6ee649f,"Phegley, Josh",2019-06-06,48,field_out,133,108,63.6,-30,3,Straightaway,0,0.046,1,0,1,84.9,SL,Slider,1,0,0,0,0,0,0,0,"<a href=""/sporty-videos?playId=24368d92-b61d-4fc6-bd52-055bf6ee649f"" target=""_blank""><img src=""/site-core/images/video.png"" class=""video"" /></a>",Field Out,Jaime Barria,642545,1
294,564765,cd95dc11-8173-4682-954c-6317e0426a66,"Profar, Jurickson",2019-06-06,42,strikeout,133,108,,,,,,,1,0,0,92.7,FF,4-Seam Fastball,1,0,0,0,0,0,1,0,"<a href=""/sporty-videos?playId=cd95dc11-8173-4682-954c-6317e0426a66"" target=""_blank""><img src=""/site-core/images/video.png"" class=""video"" /></a>",Strikeout,Jaime Barria,642545,1
295,564765,01eb30eb-972b-4866-bc13-0ec0996482c8,"Laureano, Ramon",2019-06-06,41,sac_fly,133,108,89.2,46,283,Pull,0,0.0,0,0,1,81.5,CH,Changeup,0,0,0,0,0,0,0,0,"<a href=""/sporty-videos?playId=01eb30eb-972b-4866-bc13-0ec0996482c8"" target=""_blank""><img src=""/site-core/images/video.png"" class=""video"" /></a>",Sac Fly,Jaime Barria,642545,1
296,564765,65b3c216-25f2-41a3-9746-d4e6f5b3aea9,"Canha, Mark",2019-06-06,40,walk,133,108,,,,,,,0,0,0,84.6,SL,Slider,0,0,0,0,0,0,0,1,"<a href=""/sporty-videos?playId=65b3c216-25f2-41a3-9746-d4e6f5b3aea9"" target=""_blank""><img src=""/site-core/images/video.png"" class=""video"" /></a>",Walk,Jaime Barria,642545,1
297,564765,08fef471-32d9-4927-bb8b-876d26b18941,"Piscotty, Stephen",2019-06-06,39,field_out,133,108,84.2,50,247,Straightaway,0,0.02,1,0,1,83.9,SL,Slider,1,0,0,0,0,0,0,0,"<a href=""/sporty-videos?playId=08fef471-32d9-4927-bb8b-876d26b18941"" target=""_blank""><img src=""/site-core/images/video.png"" class=""video"" /></a>",Field Out,Jaime Barria,642545,1
298,565715,ef4863a0-123c-48f3-9eb4-7a63074d77db,"Mondesi, Adalberto",2019-04-27,32,single,118,108,93.9,14,247,Opposite,0,0.947,1,0,1,90.7,FT,2-Seam Fastball,1,1,1,0,0,0,0,0,"<a href=""/sporty-videos?playId=ef4863a0-123c-48f3-9eb4-7a63074d77db"" target=""_blank""><img src=""/site-core/images/video.png"" class=""video"" /></a>",Single,Jaime Barria,642545,1
299,565715,f27dedf1-c6d4-4f4b-9987-cb50af86a647,"Merrifield, Whit",2019-04-27,31,single,118,108,70.7,26,209,Straightaway,0,0.887,1,0,1,89.5,FF,4-Seam Fastball,1,1,1,0,0,0,0,0,"<a href=""/sporty-videos?playId=f27dedf1-c6d4-4f4b-9987-cb50af86a647"" target=""_blank""><img src=""/site-core/images/video.png"" class=""video"" /></a>",Single,Jaime Barria,642545,1
300,565715,fc812cc4-6894-4790-9bf2-d75448179b62,"Hamilton, Billy",2019-04-27,30,force_out,118,108,83.0,-25,5,Opposite,0,0.063,1,0,1,80.4,SL,Slider,1,0,0,0,0,0,0,0,"<a href=""/sporty-videos?playId=fc812cc4-6894-4790-9bf2-d75448179b62"" target=""_blank""><img src=""/site-core/images/video.png"" class=""video"" /></a>",Force Out,Jaime Barria,642545,1
301,565715,200aacef-973d-4a2c-8636-5cd79d6ce2ff,"Maldonado, Martin",2019-04-27,29,field_out,118,108,97.7,16,297,Straightaway,0,0.593,1,1,1,81.3,SL,Slider,1,0,0,0,0,0,0,0,"<a href=""/sporty-videos?playId=200aacef-973d-4a2c-8636-5cd79d6ce2ff"" target=""_blank""><img src=""/site-core/images/video.png"" class=""video"" /></a>",Field Out,Jaime Barria,642545,1
302,565715,c37c4573-9898-4b62-8a7e-c857e13d0a64,"Gutierrez, Kelvin",2019-04-27,28,single,118,108,71.0,25,223,Pull,0,0.927,1,0,1,89.7,FT,2-Seam Fastball,1,1,1,0,0,0,0,0,"<a href=""/sporty-videos?playId=c37c4573-9898-4b62-8a7e-c857e13d0a64"" target=""_blank""><img src=""/site-core/images/video.png"" class=""video"" /></a>",Single,Jaime Barria,642545,1
303,565715,84658e2f-4395-40be-90f8-2d8f2b8c0ab4,"Soler, Jorge",2019-04-27,27,double,118,108,59.7,-31,3,Opposite,0,0.051,1,0,1,82.2,SL,Slider,1,1,0,1,0,0,0,0,"<a href=""/sporty-videos?playId=84658e2f-4395-40be-90f8-2d8f2b8c0ab4"" target=""_blank""><img src=""/site-core/images/video.png"" class=""video"" /></a>",Double,Jaime Barria,642545,1
304,565715,5ab4cce3-bf16-4f47-98b7-6bafa2739fa5,"O'Hearn, Ryan",2019-04-27,26,single,118,108,99.7,11,173,Pull,0,0.9,1,1,1,81.5,SL,Slider,1,1,1,0,0,0,0,0,"<a href=""/sporty-videos?playId=5ab4cce3-bf16-4f47-98b7-6bafa2739fa5"" target=""_blank""><img src=""/site-core/images/video.png"" class=""video"" /></a>",Single,Jaime Barria,642545,1
305,565715,391c4bcd-bb81-40f3-86a7-0c7e2cc8e899,"Dozier, Hunter",2019-04-27,25,triple,118,108,88.1,25,310,Opposite,0,0.12,1,0,1,82.1,SL,Slider,1,1,0,0,1,0,0,0,"<a href=""/sporty-videos?playId=391c4bcd-bb81-40f3-86a7-0c7e2cc8e899"" target=""_blank""><img src=""/site-core/images/video.png"" class=""video"" /></a>",Triple,Jaime Barria,642545,1
306,565715,a2061427-d149-41f0-b89d-804404992f12,"Gordon, Alex",2019-04-27,24,single,118,108,91.3,16,240,Pull,0,0.807,1,0,1,89.9,FT,2-Seam Fastball,1,1,1,0,0,0,0,0,"<a href=""/sporty-videos?playId=a2061427-d149-41f0-b89d-804404992f12"" target=""_blank""><img src=""/site-core/images/video.png"" class=""video"" /></a>",Single,Jaime Barria,642545,1
307,565715,07c24f53-435d-4d4f-b507-4511d24a6cef,"Mondesi, Adalberto",2019-04-27,23,single,118,108,101.2,-3,23,Pull,0,0.431,1,1,1,82.5,CH,Changeup,1,1,1,0,0,0,0,0,"<a href=""/sporty-videos?playId=07c24f53-435d-4d4f-b507-4511d24a6cef"" target=""_blank""><img src=""/site-core/images/video.png"" class=""video"" /></a>",Single,Jaime Barria,642545,1
308,565715,56fab262-5281-4146-9127-65c54e9c43c3,"Merrifield, Whit",2019-04-27,19,field_out,118,108,90.8,45,284,Straightaway,0,0.0,1,0,1,82.8,SL,Slider,1,0,0,0,0,0,0,0,"<a href=""/sporty-videos?playId=56fab262-5281-4146-9127-65c54e9c43c3"" target=""_blank""><img src=""/site-core/images/video.png"" class=""video"" /></a>",Field Out,Jaime Barria,642545,1
309,565715,566f075f-f253-48f5-9fef-7b9b621cad08,"Hamilton, Billy",2019-04-27,18,strikeout,118,108,,,,,,,1,0,0,81.5,SL,Slider,1,0,0,0,0,0,1,0,"<a href=""/sporty-videos?playId=566f075f-f253-48f5-9fef-7b9b621cad08"" target=""_blank""><img src=""/site-core/images/video.png"" class=""video"" /></a>",Strikeout,Jaime Barria,642545,1
310,565715,8e1d7b5e-ee70-4f6e-a3d0-d98cb46df22a,"Maldonado, Martin",2019-04-27,17,single,118,108,82.7,35,277,Pull,0,0.02,1,0,1,82.8,SL,Slider,1,1,1,0,0,0,0,0,"<a href=""/sporty-videos?playId=8e1d7b5e-ee70-4f6e-a3d0-d98cb46df22a"" target=""_blank""><img src=""/site-core/images/video.png"" class=""video"" /></a>",Single,Jaime Barria,642545,1
311,565715,a9884422-33bb-4695-9543-a96e446e36a3,"Gutierrez, Kelvin",2019-04-27,16,walk,118,108,,,,,,,0,0,0,90.8,FF,4-Seam Fastball,0,0,0,0,0,0,0,1,"<a href=""/sporty-videos?playId=a9884422-33bb-4695-9543-a96e446e36a3"" target=""_blank""><img src=""/site-core/images/video.png"" class=""video"" /></a>",Walk,Jaime Barria,642545,1
312,565715,5f9b6274-84d4-4be3-bc2e-377140ce60dc,"Soler, Jorge",2019-04-27,15,field_out,118,108,82.9,-21,,Pull,0,0.069,1,0,1,82.1,SL,Slider,1,0,0,0,0,0,0,0,"<a href=""/sporty-videos?playId=5f9b6274-84d4-4be3-bc2e-377140ce60dc"" target=""_blank""><img src=""/site-core/images/video.png"" class=""video"" /></a>",Field Out,Jaime Barria,642545,1
313,565715,e7413c51-4e82-40c6-bf19-ebcf4f4fed34,"O'Hearn, Ryan",2019-04-27,14,double,118,108,90.1,2,53,Pull,0,0.414,1,0,1,80.6,CH,Changeup,1,1,0,1,0,0,0,0,"<a href=""/sporty-videos?playId=e7413c51-4e82-40c6-bf19-ebcf4f4fed34"" target=""_blank""><img src=""/site-core/images/video.png"" class=""video"" /></a>",Double,Jaime Barria,642545,1
314,564744,91b83c20-f964-4803-ba7f-f5a454709dba,"Encarnacion, Edwin",2019-04-21,41,field_out,136,108,78.4,13,137,Pull,0,0.567,1,0,1,83.1,SL,Slider,1,0,0,0,0,0,0,0,"<a href=""/sporty-videos?playId=91b83c20-f964-4803-ba7f-f5a454709dba"" target=""_blank""><img src=""/site-core/images/video.png"" class=""video"" /></a>",Field Out,Jaime Barria,642545,1
315,564744,c0ebb802-ea36-4887-9d5f-bc89c43877e8,"Santana, Domingo",2019-04-21,40,single,136,108,103.6,18,302,Straightaway,0,0.547,1,1,1,83.4,SL,Slider,1,1,1,0,0,0,0,0,"<a href=""/sporty-videos?playId=c0ebb802-ea36-4887-9d5f-bc89c43877e8"" target=""_blank""><img src=""/site-core/images/video.png"" class=""video"" /></a>",Single,Jaime Barria,642545,1
316,564744,081c7f88-a1fa-4617-a5cc-99c15525d776,"Haniger, Mitch",2019-04-21,39,field_out,136,108,92.9,-11,13,Pull,0,0.183,1,0,1,84.4,SL,Slider,1,0,0,0,0,0,0,0,"<a href=""/sporty-videos?playId=081c7f88-a1fa-4617-a5cc-99c15525d776"" target=""_blank""><img src=""/site-core/images/video.png"" class=""video"" /></a>",Field Out,Jaime Barria,642545,1
317,564744,1c1cd3a2-d74c-4d4c-9174-2c445e2737af,"Smith, Mallex",2019-04-21,35,field_out,136,108,82.9,-21,,Pull,0,0.093,1,0,1,85.8,CH,Changeup,1,0,0,0,0,0,0,0,"<a href=""/sporty-videos?playId=1c1cd3a2-d74c-4d4c-9174-2c445e2737af"" target=""_blank""><img src=""/site-core/images/video.png"" class=""video"" /></a>",Field Out,Jaime Barria,642545,1
318,564744,56db6bf3-993b-4670-9301-99cca6dbc6c9,"Moore, Dylan",2019-04-21,34,field_out,136,108,93.7,28,373,Straightaway,0,0.247,1,0,1,91.3,FT,2-Seam Fastball,1,0,0,0,0,0,0,0,"<a href=""/sporty-videos?playId=56db6bf3-993b-4670-9301-99cca6dbc6c9"" target=""_blank""><img src=""/site-core/images/video.png"" class=""video"" /></a>",Field Out,Jaime Barria,642545,1
319,564744,0b765ec0-e762-493c-bfec-1546295baec4,"Strange-Gordon, Dee",2019-04-21,33,field_out,136,108,95.2,22,331,Opposite,0,0.287,1,1,1,90.9,FF,4-Seam Fastball,1,0,0,0,0,0,0,0,"<a href=""/sporty-videos?playId=0b765ec0-e762-493c-bfec-1546295baec4"" target=""_blank""><img src=""/site-core/images/video.png"" class=""video"" /></a>",Field Out,Jaime Barria,642545,1
320,564744,1a0f19c9-e950-4f3b-81b3-bd7da7bbe44d,"Murphy, Tom",2019-04-21,28,field_out,136,108,90.7,64,163,Opposite,0,0.02,1,0,1,83.1,SL,Slider,1,0,0,0,0,0,0,0,"<a href=""/sporty-videos?playId=1a0f19c9-e950-4f3b-81b3-bd7da7bbe44d"" target=""_blank""><img src=""/site-core/images/video.png"" class=""video"" /></a>",Field Out,Jaime Barria,642545,1
321,564744,956dcf46-3689-4ad2-86af-a05200183eb7,"Healy, Ryon",2019-04-21,27,field_out,136,108,92.3,18,292,Pull,0,0.54,1,0,1,83.1,SL,Slider,1,0,0,0,0,0,0,0,"<a href=""/sporty-videos?playId=956dcf46-3689-4ad2-86af-a05200183eb7"" target=""_blank""><img src=""/site-core/images/video.png"" class=""video"" /></a>",Field Out,Jaime Barria,642545,1
322,564744,d6a04f41-f4bb-4d9d-a6cc-f2c814a03bfb,"Vogelbach, Daniel",2019-04-21,26,field_out,136,108,80.0,69,,Opposite,0,0.0,1,0,1,82.7,SL,Slider,1,0,0,0,0,0,0,0,"<a href=""/sporty-videos?playId=d6a04f41-f4bb-4d9d-a6cc-f2c814a03bfb"" target=""_blank""><img src=""/site-core/images/video.png"" class=""video"" /></a>",Field Out,Jaime Barria,642545,1
323,564744,f883c18a-90e6-4540-85ed-3fc97a4742a7,"Encarnacion, Edwin",2019-04-21,21,strikeout,136,108,,,,,,,1,0,0,91.7,FF,4-Seam Fastball,1,0,0,0,0,0,1,0,"<a href=""/sporty-videos?playId=f883c18a-90e6-4540-85ed-3fc97a4742a7"" target=""_blank""><img src=""/site-core/images/video.png"" class=""video"" /></a>",Strikeout,Jaime Barria,642545,1
324,564744,156268f7-e821-499b-9ef0-7f03a2d10118,"Santana, Domingo",2019-04-21,20,single,136,108,100.6,6,117,Straightaway,0,0.6,1,1,1,91.4,FF,4-Seam Fastball,1,1,1,0,0,0,0,0,"<a href=""/sporty-videos?playId=156268f7-e821-499b-9ef0-7f03a2d10118"" target=""_blank""><img src=""/site-core/images/video.png"" class=""video"" /></a>",Single,Jaime Barria,642545,1
325,564744,66e586b5-e499-4bc8-b744-4eb4061a9dc1,"Haniger, Mitch",2019-04-21,19,double,136,108,104.9,19,356,Straightaway,1,0.68,1,1,1,83.1,SL,Slider,1,1,0,1,0,0,0,0,"<a href=""/sporty-videos?playId=66e586b5-e499-4bc8-b744-4eb4061a9dc1"" target=""_blank""><img src=""/site-core/images/video.png"" class=""video"" /></a>",Double,Jaime Barria,642545,1
326,564744,5f9a5f4d-20e3-4c6f-a019-1547ea7c7f8d,"Smith, Mallex",2019-04-21,18,strikeout,136,108,,,,,,,1,0,0,81.4,SL,Slider,1,0,0,0,0,0,1,0,"<a href=""/sporty-videos?playId=5f9a5f4d-20e3-4c6f-a019-1547ea7c7f8d"" target=""_blank""><img src=""/site-core/images/video.png"" class=""video"" /></a>",Strikeout,Jaime Barria,642545,1
327,564744,81a2341b-2328-4e48-afe3-fec2563811bc,"Moore, Dylan",2019-04-21,17,field_out,136,108,71.0,-7,17,Pull,0,0.107,1,0,1,82.8,SL,Slider,1,0,0,0,0,0,0,0,"<a href=""/sporty-videos?playId=81a2341b-2328-4e48-afe3-fec2563811bc"" target=""_blank""><img src=""/site-core/images/video.png"" class=""video"" /></a>",Field Out,Jaime Barria,642545,1
328,564744,91c50643-d3bb-4685-a34b-0cbac77ac111,"Strange-Gordon, Dee",2019-04-21,11,double_play,136,108,80.4,28,297,Pull,0,0.133,1,0,1,80.8,SL,Slider,1,0,0,0,0,0,0,0,"<a href=""/sporty-videos?playId=91c50643-d3bb-4685-a34b-0cbac77ac111"" target=""_blank""><img src=""/site-core/images/video.png"" class=""video"" /></a>",Double Play,Jaime Barria,642545,1
329,564744,27d54768-d035-4f6c-9a4e-dc13e10a3aea,"Murphy, Tom",2019-04-21,10,double,136,108,101.2,22,291,Pull,0,0.633,1,1,1,81.0,SL,Slider,1,1,0,1,0,0,0,0,"<a href=""/sporty-videos?playId=27d54768-d035-4f6c-9a4e-dc13e10a3aea"" target=""_blank""><img src=""/site-core/images/video.png"" class=""video"" /></a>",Double,Jaime Barria,642545,1
330,564744,0807b375-eadb-4691-98a8-7bb1bacb8628,"Healy, Ryon",2019-04-21,9,hit_by_pitch,136,108,,,,,,,0,0,0,91.1,FT,2-Seam Fastball,0,0,0,0,0,0,0,0,"<a href=""/sporty-videos?playId=0807b375-eadb-4691-98a8-7bb1bacb8628"" target=""_blank""><img src=""/site-core/images/video.png"" class=""video"" /></a>",Hit By Pitch,Jaime Barria,642545,1
331,564744,26765658-0862-4546-8fa4-5cd1175a5b7f,"Vogelbach, Daniel",2019-04-21,8,strikeout,136,108,,,,,,,1,0,0,81.4,SL,Slider,1,0,0,0,0,0,1,0,"<a href=""/sporty-videos?playId=26765658-0862-4546-8fa4-5cd1175a5b7f"" target=""_blank""><img src=""/site-core/images/video.png"" class=""video"" /></a>",Strikeout,Jaime Barria,642545,1
332,566773,6f08b62b-ca59-436e-bfaa-948312cb0bcc,"Pence, Hunter",2019-04-16,44,single,140,108,105.0,-3,19,Opposite,0,0.494,1,1,1,90.5,FT,2-Seam Fastball,1,1,1,0,0,0,0,0,"<a href=""/sporty-videos?playId=6f08b62b-ca59-436e-bfaa-948312cb0bcc"" target=""_blank""><img src=""/site-core/images/video.png"" class=""video"" /></a>",Single,Jaime Barria,642545,1
333,566773,ed0503d2-d5b7-4017-86a1-f7391dc10937,"Mazara, Nomar",2019-04-16,40,field_out,140,108,97.7,6,95,Pull,0,0.613,1,1,1,83.7,SL,Slider,1,0,0,0,0,0,0,0,"<a href=""/sporty-videos?playId=ed0503d2-d5b7-4017-86a1-f7391dc10937"" target=""_blank""><img src=""/site-core/images/video.png"" class=""video"" /></a>",Field Out,Jaime Barria,642545,1
334,566773,be966c89-66d8-4456-b4a4-7e899fd1f64d,"Andrus, Elvis",2019-04-16,39,single,140,108,85.2,7,116,Straightaway,0,0.393,1,0,1,81.8,SL,Slider,1,1,1,0,0,0,0,0,"<a href=""/sporty-videos?playId=be966c89-66d8-4456-b4a4-7e899fd1f64d"" target=""_blank""><img src=""/site-core/images/video.png"" class=""video"" /></a>",Single,Jaime Barria,642545,1
335,566773,9a68bddf-e725-4799-9e37-e2ace8b09ab2,"Choo, Shin-Soo",2019-04-16,38,field_out,140,108,99.4,42,345,Opposite,0,0.1,1,1,1,92.0,FT,2-Seam Fastball,1,0,0,0,0,0,0,0,"<a href=""/sporty-videos?playId=9a68bddf-e725-4799-9e37-e2ace8b09ab2"" target=""_blank""><img src=""/site-core/images/video.png"" class=""video"" /></a>",Field Out,Jaime Barria,642545,1
336,566773,36a7ee00-08d1-406d-91a0-5c83fda53858,"Mathis, Jeff",2019-04-16,37,field_out,140,108,91.9,28,339,Pull,0,0.12,1,0,1,81.6,SL,Slider,1,0,0,0,0,0,0,0,"<a href=""/sporty-videos?playId=36a7ee00-08d1-406d-91a0-5c83fda53858"" target=""_blank""><img src=""/site-core/images/video.png"" class=""video"" /></a>",Field Out,Jaime Barria,642545,1
337,566773,f2cb602a-523f-4dda-8ed8-b6faca60754d,"Forsythe, Logan",2019-04-16,36,walk,140,108,,,,,,,0,0,0,84.1,SL,Slider,0,0,0,0,0,0,0,1,"<a href=""/sporty-videos?playId=f2cb602a-523f-4dda-8ed8-b6faca60754d"" target=""_blank""><img src=""/site-core/images/video.png"" class=""video"" /></a>",Walk,Jaime Barria,642545,1
338,566773,855e01ec-5975-4576-b522-fe4ebeab441b,"Santana, Danny",2019-04-16,32,field_out,140,108,73.3,1,43,Opposite,0,0.162,1,0,1,83.2,CH,Changeup,1,0,0,0,0,0,0,0,"<a href=""/sporty-videos?playId=855e01ec-5975-4576-b522-fe4ebeab441b"" target=""_blank""><img src=""/site-core/images/video.png"" class=""video"" /></a>",Field Out,Jaime Barria,642545,1
339,566773,49a65305-71a6-45eb-a68a-30da0d3473f5,"Cabrera, Asdrubal",2019-04-16,31,home_run,140,108,95.4,28,363,Pull,0,0.28,1,1,1,91.4,FT,2-Seam Fastball,1,1,0,0,0,1,0,0,"<a href=""/sporty-videos?playId=49a65305-71a6-45eb-a68a-30da0d3473f5"" target=""_blank""><img src=""/site-core/images/video.png"" class=""video"" /></a>",Home Run,Jaime Barria,642545,1
340,566773,1696a976-f45e-4ded-bf5d-d9c78305db3b,"Gallo, Joey",2019-04-16,30,walk,140,108,,,,,,,0,0,0,83.5,SL,Slider,0,0,0,0,0,0,0,1,"<a href=""/sporty-videos?playId=1696a976-f45e-4ded-bf5d-d9c78305db3b"" target=""_blank""><img src=""/site-core/images/video.png"" class=""video"" /></a>",Walk,Jaime Barria,642545,1
341,566773,372c7887-8352-4ae7-b2dd-ae1c47d854fd,"Pence, Hunter",2019-04-16,29,field_out,140,108,101.4,21,388,Straightaway,0,0.54,1,1,1,82.7,SL,Slider,1,0,0,0,0,0,0,0,"<a href=""/sporty-videos?playId=372c7887-8352-4ae7-b2dd-ae1c47d854fd"" target=""_blank""><img src=""/site-core/images/video.png"" class=""video"" /></a>",Field Out,Jaime Barria,642545,1
342,566773,6f71a70a-02fb-4efe-a1de-fbb46d16c685,"Mazara, Nomar",2019-04-16,28,field_out,140,108,77.4,12,153,Straightaway,0,0.447,1,0,1,81.8,SL,Slider,1,0,0,0,0,0,0,0,"<a href=""/sporty-videos?playId=6f71a70a-02fb-4efe-a1de-fbb46d16c685"" target=""_blank""><img src=""/site-core/images/video.png"" class=""video"" /></a>",Field Out,Jaime Barria,642545,1
343,566773,849090c8-b692-4649-b664-c74c4887019c,"Andrus, Elvis",2019-04-16,23,field_out,140,108,78.7,43,261,Straightaway,0,0.06,1,0,1,82.6,SL,Slider,1,0,0,0,0,0,0,0,"<a href=""/sporty-videos?playId=849090c8-b692-4649-b664-c74c4887019c"" target=""_blank""><img src=""/site-core/images/video.png"" class=""video"" /></a>",Field Out,Jaime Barria,642545,1
344,566773,62ab51c6-6991-46f9-b024-560ad45b34f1,"Choo, Shin-Soo",2019-04-16,22,strikeout,140,108,,,,,,,1,0,0,84.0,SL,Slider,1,0,0,0,0,0,1,0,"<a href=""/sporty-videos?playId=62ab51c6-6991-46f9-b024-560ad45b34f1"" target=""_blank""><img src=""/site-core/images/video.png"" class=""video"" /></a>",Strikeout,Jaime Barria,642545,1
345,566773,281dcf0a-121e-4255-a21f-31a8a8dd2567,"Mathis, Jeff",2019-04-16,21,field_out,140,108,97.5,41,333,Pull,0,0.047,1,1,1,84.7,SL,Slider,1,0,0,0,0,0,0,0,"<a href=""/sporty-videos?playId=281dcf0a-121e-4255-a21f-31a8a8dd2567"" target=""_blank""><img src=""/site-core/images/video.png"" class=""video"" /></a>",Field Out,Jaime Barria,642545,1
346,566773,4c03737b-bd58-4e7e-8c19-3cdcc7f11e62,"Forsythe, Logan",2019-04-16,16,single,140,108,71.8,30,243,Pull,0,0.687,1,0,1,83.2,SL,Slider,1,1,1,0,0,0,0,0,"<a href=""/sporty-videos?playId=4c03737b-bd58-4e7e-8c19-3cdcc7f11e62"" target=""_blank""><img src=""/site-core/images/video.png"" class=""video"" /></a>",Single,Jaime Barria,642545,1
347,566773,5803208f-1f2e-43e2-a1bf-70c754c0dc27,"Santana, Danny",2019-04-16,15,strikeout,140,108,,,,,,,1,0,0,84.1,SL,Slider,1,0,0,0,0,0,1,0,"<a href=""/sporty-videos?playId=5803208f-1f2e-43e2-a1bf-70c754c0dc27"" target=""_blank""><img src=""/site-core/images/video.png"" class=""video"" /></a>",Strikeout,Jaime Barria,642545,1
348,566773,5d2b3101-906d-44c7-a3be-b77d60948cc9,"Cabrera, Asdrubal",2019-04-16,14,field_out,140,108,92.9,35,333,Opposite,0,0.093,1,0,1,84.3,CH,Changeup,1,0,0,0,0,0,0,0,"<a href=""/sporty-videos?playId=5d2b3101-906d-44c7-a3be-b77d60948cc9"" target=""_blank""><img src=""/site-core/images/video.png"" class=""video"" /></a>",Field Out,Jaime Barria,642545,1
349,566773,2b9e37ab-808b-45d8-9170-7f2c34bf454c,"Gallo, Joey",2019-04-16,10,strikeout,140,108,,,,,,,1,0,0,84.0,SL,Slider,1,0,0,0,0,0,1,0,"<a href=""/sporty-videos?playId=2b9e37ab-808b-45d8-9170-7f2c34bf454c"" target=""_blank""><img src=""/site-core/images/video.png"" class=""video"" /></a>",Strikeout,Jaime Barria,642545,1
350,566773,bf5ac809-bcdd-4244-9c0e-adfeb52968a3,"Pence, Hunter",2019-04-16,9,field_out,140,108,93.9,-9,14,Straightaway,0,0.293,1,0,1,83.6,SL,Slider,1,0,0,0,0,0,0,0,"<a href=""/sporty-videos?playId=bf5ac809-bcdd-4244-9c0e-adfeb52968a3"" target=""_blank""><img src=""/site-core/images/video.png"" class=""video"" /></a>",Field Out,Jaime Barria,642545,1
351,566773,d4877548-4140-4028-b921-e8d29c3ecff3,"Mazara, Nomar",2019-04-16,8,double,140,108,104.9,5,98,Pull,0,0.627,1,1,1,84.7,CH,Changeup,1,1,0,1,0,0,0,0,"<a href=""/sporty-videos?playId=d4877548-4140-4028-b921-e8d29c3ecff3"" target=""_blank""><img src=""/site-core/images/video.png"" class=""video"" /></a>",Double,Jaime Barria,642545,1
352,566773,8e3d9ad3-9fe5-44c1-8663-84877d4fcaef,"Andrus, Elvis",2019-04-16,7,field_out,140,108,92.0,27,346,Opposite,0,0.18,1,0,1,91.8,FF,4-Seam Fastball,1,0,0,0,0,0,0,0,"<a href=""/sporty-videos?playId=8e3d9ad3-9fe5-44c1-8663-84877d4fcaef"" target=""_blank""><img src=""/site-core/images/video.png"" class=""video"" /></a>",Field Out,Jaime Barria,642545,1
353,566773,6e65b05a-fa41-4e83-8ce0-eb0c7f3ba458,"Choo, Shin-Soo",2019-04-16,6,double,140,108,94.1,20,292,Pull,0,0.227,1,0,1,82.3,SL,Slider,1,1,0,1,0,0,0,0,"<a href=""/sporty-videos?playId=6e65b05a-fa41-4e83-8ce0-eb0c7f3ba458"" target=""_blank""><img src=""/site-core/images/video.png"" class=""video"" /></a>",Double,Jaime Barria,642545,1
354,564740,a0efe9bb-985e-4fee-aef7-c2e923e86987,"Yelich, Christian",2019-04-10,52,single,158,108,79.9,15,185,Pull,0,0.893,1,0,1,84.3,SL,Slider,1,1,1,0,0,0,0,0,"<a href=""/sporty-videos?playId=a0efe9bb-985e-4fee-aef7-c2e923e86987"" target=""_blank""><img src=""/site-core/images/video.png"" class=""video"" /></a>",Single,Jaime Barria,642545,1
355,564740,83265b71-bf57-497a-a75d-aedd1c82d3d4,"Cain, Lorenzo",2019-04-10,51,field_out,158,108,96.7,20,347,Straightaway,0,0.287,1,1,1,84.0,SL,Slider,1,0,0,0,0,0,0,0,"<a href=""/sporty-videos?playId=83265b71-bf57-497a-a75d-aedd1c82d3d4"" target=""_blank""><img src=""/site-core/images/video.png"" class=""video"" /></a>",Field Out,Jaime Barria,642545,1
356,564740,0f2667bf-94cc-4a91-8fde-f7012d39a62b,"Arcia, Orlando",2019-04-10,50,double,158,108,101.6,24,356,Opposite,1,0.833,1,1,1,83.8,SL,Slider,1,1,0,1,0,0,0,0,"<a href=""/sporty-videos?playId=0f2667bf-94cc-4a91-8fde-f7012d39a62b"" target=""_blank""><img src=""/site-core/images/video.png"" class=""video"" /></a>",Double,Jaime Barria,642545,1
357,564740,88f78c43-ff3e-4cea-af44-73a24b204bc0,"Gamel, Ben",2019-04-10,49,field_out,158,108,76.3,8,91,Pull,0,0.278,1,0,1,81.6,CH,Changeup,1,0,0,0,0,0,0,0,"<a href=""/sporty-videos?playId=88f78c43-ff3e-4cea-af44-73a24b204bc0"" target=""_blank""><img src=""/site-core/images/video.png"" class=""video"" /></a>",Field Out,Jaime Barria,642545,1
358,564740,8982d9a5-440b-48ec-b2fd-760be2e96787,"Thames, Eric",2019-04-10,45,strikeout,158,108,,,,,,,1,0,0,83.5,SL,Slider,1,0,0,0,0,0,1,0,"<a href=""/sporty-videos?playId=8982d9a5-440b-48ec-b2fd-760be2e96787"" target=""_blank""><img src=""/site-core/images/video.png"" class=""video"" /></a>",Strikeout,Jaime Barria,642545,1
359,564740,3a0f8123-72a9-4807-aa1a-8662c4356d38,"Grandal, Yasmani",2019-04-10,44,field_out,158,108,101.9,4,87,Straightaway,0,0.547,1,1,1,92.9,FT,2-Seam Fastball,1,0,0,0,0,0,0,0,"<a href=""/sporty-videos?playId=3a0f8123-72a9-4807-aa1a-8662c4356d38"" target=""_blank""><img src=""/site-core/images/video.png"" class=""video"" /></a>",Field Out,Jaime Barria,642545,1
360,564740,0904b258-3c8e-4eb7-802e-4ad3c73eb9bc,"Moustakas, Mike",2019-04-10,43,strikeout,158,108,,,,,,,1,0,0,84.1,SL,Slider,1,0,0,0,0,0,1,0,"<a href=""/sporty-videos?playId=0904b258-3c8e-4eb7-802e-4ad3c73eb9bc"" target=""_blank""><img src=""/site-core/images/video.png"" class=""video"" /></a>",Strikeout,Jaime Barria,642545,1
361,564740,3f683c82-31c4-4adc-9b32-e256890214b9,"Perez, Hernan",2019-04-10,39,grounded_into_double_play,158,108,93.2,3,61,Pull,0,0.44,1,0,1,83.4,SL,Slider,1,0,0,0,0,0,0,0,"<a href=""/sporty-videos?playId=3f683c82-31c4-4adc-9b32-e256890214b9"" target=""_blank""><img src=""/site-core/images/video.png"" class=""video"" /></a>",Grounded Into Double Play,Jaime Barria,642545,1
362,564740,eb3a1808-28d2-4200-bdb2-f89a37be8bbf,"Braun, Ryan",2019-04-10,38,single,158,108,103.9,-14,13,Pull,0,0.346,1,1,1,82.5,SL,Slider,1,1,1,0,0,0,0,0,"<a href=""/sporty-videos?playId=eb3a1808-28d2-4200-bdb2-f89a37be8bbf"" target=""_blank""><img src=""/site-core/images/video.png"" class=""video"" /></a>",Single,Jaime Barria,642545,1
363,564740,cba58c6a-890e-44fb-93df-e03256e52c0f,"Yelich, Christian",2019-04-10,37,strikeout,158,108,,,,,,,1,0,0,82.5,SL,Slider,1,0,0,0,0,0,1,0,"<a href=""/sporty-videos?playId=cba58c6a-890e-44fb-93df-e03256e52c0f"" target=""_blank""><img src=""/site-core/images/video.png"" class=""video"" /></a>",Strikeout,Jaime Barria,642545,1
364,564740,6ca2f017-b04d-4d17-9740-17fc7f313432,"Cain, Lorenzo",2019-04-10,36,single,158,108,88.9,12,239,Opposite,0,0.813,1,0,1,92.1,FF,4-Seam Fastball,1,1,1,0,0,0,0,0,"<a href=""/sporty-videos?playId=6ca2f017-b04d-4d17-9740-17fc7f313432"" target=""_blank""><img src=""/site-core/images/video.png"" class=""video"" /></a>",Single,Jaime Barria,642545,1
